0.005 0.0001281101
0.013975 0.0001592774
0.02295 0.0001964531
0.031925 0.0002321104
0.0409 0.0002945649
0.049875 0.0003580116
0.05885 0.0004391424
0.067825 0.0005288285
0.0768 0.0006323101
0.085775 0.0007211068
0.09475 0.0008299512
0.103725 0.0009324806
0.1127 0.001024477
0.121675 0.001156104
0.13065 0.001284171
0.139625 0.001422105
0.1486 0.001567837
0.157575 0.001731383
0.16655 0.001915453
0.175525 0.0021316
0.1845 0.002358764
0.193475 0.002592764
0.20245 0.002872568
0.211425 0.003141703
0.2204 0.003366881
0.229375 0.003660034
0.23835 0.003985864
0.247325 0.004349256
0.2563 0.004769375
0.265275 0.005218512
0.27425 0.00570917
0.283225 0.00626641
0.2922 0.006833473
0.301175 0.007403816
0.31015 0.00798841
0.319125 0.008421716
0.3281 0.008769395
0.337075 0.009094546
0.34605 0.009315207
0.355025 0.009471229
0.364 0.009581063
0.372975 0.009559238
0.38195 0.00948123
0.390925 0.009363579
0.3999 0.009257789
0.408875 0.009361659
0.41785 0.009577407
0.426825 0.00979036
0.4358 0.01008757
0.444775 0.01053983
0.45375 0.01094993
0.462725 0.01143347
0.4717 0.01197382
0.480675 0.01256435
0.48965 0.01316918
0.498625 0.01359088
0.5076 0.01388498
0.516575 0.01415684
0.52555 0.01433056
0.534525 0.0143128
0.5435 0.01436848
0.552475 0.01442577
0.56145 0.01436326
0.570425 0.01422557
0.5794 0.01412688
0.588375 0.01411268
0.59735 0.01421951
0.606325 0.0142559
0.6153 0.01422071
0.624275 0.01416046
0.63325 0.01398049
0.642225 0.01375957
0.6512 0.01363126
0.660175 0.01353351
0.66915 0.01334503
0.678125 0.01303823
0.6871 0.0125821
0.696075 0.01212826
0.70505 0.01172828
0.714025 0.01136345
0.723 0.01104905
0.731975 0.01070545
0.74095 0.01028753
0.749925 0.009848133
0.7589 0.009436795
0.767875 0.009099908
0.77685 0.008804355
0.785825 0.008562493
0.7948 0.008385923
0.803775 0.008306115
0.81275 0.008274832
0.821725 0.008287457
0.8307 0.008345518
0.839675 0.008393541
0.84865 0.008389395
0.857625 0.008363804
0.8666 0.008321118
0.875575 0.008297316
0.88455 0.008145351
0.893525 0.007856107
0.9025 0.007496137
0.911475 0.007111193
0.92045 0.006676747
0.929425 0.006262645
0.9384 0.005899322
0.947375 0.005562493
0.95635 0.005258256
0.965325 0.004859653
0.9743 0.004593546
0.983275 0.004366953
0.99225 0.004189414
1.001225 0.004012607
1.0102 0.003905295
1.019175 0.003792214
1.02815 0.003668564
1.037125 0.003535876
1.0461 0.003402548
1.055075 0.003335122
1.06405 0.003219882
1.073025 0.003125958
1.082 0.003070267
1.090975 0.003038157
1.09995 0.002968953
1.108925 0.002937088
1.1179 0.002928838
1.126875 0.002903191
1.13585 0.002885853
1.144825 0.002858225
1.1538 0.002846798
1.162775 0.002833982
1.17175 0.002768516
1.180725 0.002652194
1.1897 0.002546474
1.198675 0.002416103
1.20765 0.002285727
1.216625 0.002161783
1.2256 0.002033347
1.234575 0.001939038
1.24355 0.001858363
1.252525 0.001771699
1.2615 0.00170094
1.270475 0.001673246
1.27945 0.001645582
1.288425 0.001617519
1.2974 0.001565831
1.306375 0.001519303
1.31535 0.001492496
1.324325 0.001451123
1.3333 0.001394871
1.342275 0.001337388
1.35125 0.001288342
1.360225 0.001246549
1.3692 0.001218116
1.378175 0.001204919
1.38715 0.001199336
1.396125 0.001212793
1.4051 0.001213714
1.414075 0.00120216
1.42305 0.001193655
1.432025 0.001189499
1.441 0.001172317
1.449975 0.001141028
1.45895 0.001098107
1.467925 0.001038307
1.4769 0.0009756826
1.485875 0.0008979084
1.49485 0.0008260024
1.503825 0.0007589914
1.5128 0.0006864243
1.521775 0.0006221516
1.53075 0.00056189
1.539725 0.0005145171
1.5487 0.0004720007
1.557675 0.0004430516
1.56665 0.0004200849
1.575625 0.0004062895
1.5846 0.0003866047
1.593575 0.0003735573
1.60255 0.0003662336
1.611525 0.0003600802
1.6205 0.0003514852
1.629475 0.0003408496
1.63845 0.0003306766
1.647425 0.0003104889
1.6564 0.0002885673
1.665375 0.0002662981
1.67435 0.0002493403
1.683325 0.0002305226
1.6923 0.0002132226
1.701275 0.0001963925
1.71025 0.0001782893
1.719225 0.0001613402
1.7282 0.0001442671
1.737175 0.0001325618
1.74615 0.0001235742
1.755125 0.0001130958
1.7641 0.000100453
1.773075 8.879395e-05
1.78205 7.557184e-05
1.791025 6.585256e-05
