5.000000000000000104e-03  1.542702567897048414e-04 9.658754923144184982e-05 1.334361423502614758e-04 1.281100590666744488e-04
1.397500000000000131e-02  1.948199245412918516e-04 1.201894746269861752e-04 1.627787932294654893e-04 1.592773545887858102e-04
2.295000000000000165e-02  2.406556961784911224e-04 1.525924884278674111e-04 1.960632633336240407e-04 1.964530704596515116e-04
3.192500000000000199e-02  2.870363008718213342e-04 1.771448060540367056e-04 2.320900051853653297e-04 2.321103758204854349e-04
4.089999999999999886e-02  3.887767360628564643e-04 2.245379104715641849e-04 2.703117014428595469e-04 2.945648639394463303e-04
4.987499999999999573e-02  5.087975117756195643e-04 2.728918325694955913e-04 2.922749097800769855e-04 3.580116367519388669e-04
5.884999999999999953e-02  6.505098506088504611e-04 3.283133856637354838e-04 3.385170316673766049e-04 4.391423886808239673e-04
6.782500000000001028e-02  8.139350342823781573e-04 3.934456986125898408e-04 3.790078378129111141e-04 5.288285323445442729e-04
7.680000000000000715e-02  1.010919046908158227e-03 4.719677324631499230e-04 4.139424289829422019e-04 6.323100809491925215e-04
8.577500000000000402e-02  1.193641060786539273e-03 5.223238867422870134e-04 4.472313323671846383e-04 7.211068220141830711e-04
9.475000000000000089e-02  1.411653094199044741e-03 5.945387153439363540e-04 4.835221406521847333e-04 8.299511764349497625e-04
1.037250000000000116e-01  1.640999009685272523e-03 6.694159689179787548e-04 4.868906558734319764e-04 9.324805931545860661e-04
1.127000000000000085e-01  1.835784070958194425e-03 7.340155865695988536e-04 5.034919933249473690e-04 1.024477381089548356e-03
1.216750000000000054e-01  2.144149901054858039e-03 8.124767788907430455e-04 5.115281052230939360e-04 1.156103806161168758e-03
1.306500000000000161e-01  2.465917034561876560e-03 8.765081494655953005e-04 5.099062473808540488e-04 1.284171336052437364e-03
1.396249999999999991e-01  2.788337735765688066e-03 9.417537562804250383e-04 5.359993754573198592e-04 1.422104962969649106e-03
1.486000000000000099e-01  3.142670934024369752e-03 1.012206336739995783e-03 5.483738866311365680e-04 1.567837385378471416e-03
1.575750000000000206e-01  3.532733879953993926e-03 1.099252581545080102e-03 5.618680407360895045e-04 1.731382716077963044e-03
1.665500000000000036e-01  3.963364056300821246e-03 1.197190067784596398e-03 5.854714900955424427e-04 1.915452964983962959e-03
1.755250000000000143e-01  4.473161325599435238e-03 1.284521812283679395e-03 6.366998423264850484e-04 2.131600331788284768e-03
1.844999999999999973e-01  5.044965757337774304e-03 1.379027081591804177e-03 6.518087538135119681e-04 2.358764184245045609e-03
1.934750000000000081e-01  5.622757652510111843e-03 1.471448190870556973e-03 6.835085433935136597e-04 2.592763780182345910e-03
2.024500000000000188e-01  6.356111997654212940e-03 1.573536681095055951e-03 6.873782989163123745e-04 2.872568138019821957e-03
2.114250000000000018e-01  7.015676621098330956e-03 1.704386713584095468e-03 7.043034307455898948e-04 3.141703224086525408e-03
2.204000000000000126e-01  7.609795823349123182e-03 1.776943436610953567e-03 7.130670145241876879e-04 3.366880815515613419e-03
2.293750000000000233e-01  8.353621766744756538e-03 1.909143377911210436e-03 7.164234058365692064e-04 3.660034066383560485e-03
2.383500000000000063e-01  9.187245798367658575e-03 2.049122210171804015e-03 7.202151713651750494e-04 3.985863519515776832e-03
2.473250000000000171e-01  1.015244225370709290e-02 2.175624645300854552e-03 7.185575340289630710e-04 4.349255562892062610e-03
2.563000000000000278e-01  1.128505503295577569e-02 2.313626130482171559e-03 7.081397601939077050e-04 4.769375078534124693e-03
2.652750000000000385e-01  1.246558300289467985e-02 2.501502745253740296e-03 6.870202777367843006e-04 5.218512048996238294e-03
2.742499999999999938e-01  1.378105028073261205e-02 2.645927853370559288e-03 6.988849422288800819e-04 5.709169633592882202e-03
2.832250000000000045e-01  1.523737320038559724e-02 2.836670246974827645e-03 7.233213403299270771e-04 6.266410042548422286e-03
2.922000000000000153e-01  1.677872175733017418e-02 2.983618726875157234e-03 7.359425973168280070e-04 6.833473049228547085e-03
3.011750000000000260e-01  1.837485035616592474e-02 3.104941995174012592e-03 7.292260232048682848e-04 7.403816353588047426e-03
3.101500000000000368e-01  1.990593105397120768e-02 3.305809302095378491e-03 7.508321333250712491e-04 7.988410422680721629e-03
3.191249999999999920e-01  2.117505996375267791e-02 3.355587164921031845e-03 7.315780117881372875e-04 8.421716415337969844e-03
3.281000000000000028e-01  2.216183686719212093e-02 3.430815246480765305e-03 7.124363942698570991e-04 8.769395240869219676e-03
3.370750000000000135e-01  2.307788779714032776e-02 3.520882365393930742e-03 6.816356953027484164e-04 9.094546354432962373e-03
3.460500000000000242e-01  2.373081726713604719e-02 3.534055392831030647e-03 6.773640448187624860e-04 9.315206733555061666e-03
3.550250000000000350e-01  2.420613365798368263e-02 3.564475601776226615e-03 6.396234980133540509e-04 9.471229232231667336e-03
3.639999999999999902e-01  2.446198721385909811e-02 3.648647308178337538e-03 6.291130944950202534e-04 9.581063254691801409e-03
3.729750000000000010e-01  2.441540598240801718e-02 3.662202461676515412e-03 5.967057890563960687e-04 9.559238052176543751e-03
3.819500000000000117e-01  2.408547462043628823e-02 3.768379730672415020e-03 5.866147098072257505e-04 9.481230296178210643e-03
3.909250000000000225e-01  2.365998647060026452e-02 3.845124312563864225e-03 5.825768425493316411e-04 9.363578568325408441e-03
3.999000000000000332e-01  2.330274201891393421e-02 3.909478983134235565e-03 5.582568309606948144e-04 9.257789248540090193e-03
4.088750000000000440e-01  2.333146069225960212e-02 4.167504745877573941e-03 5.833178857055331930e-04 9.361659390327134803e-03
4.178499999999999992e-01  2.369791527907688655e-02 4.420305254139198642e-03 6.114093683170424877e-04 9.577406881243425568e-03
4.268250000000000099e-01  2.388827217328594668e-02 4.795402009535188435e-03 6.850408585076072764e-04 9.790360490942989075e-03
4.358000000000000207e-01  2.409688779071767969e-02 5.448685587870524816e-03 7.152622857495355077e-04 1.008757423954136263e-02
4.447750000000000314e-01  2.457375648199371793e-02 6.277614740804867907e-03 7.667842767534331682e-04 1.053983177359673999e-02
4.537500000000000422e-01  2.493695073935277978e-02 7.113622179643542230e-03 7.984799608286529109e-04 1.094993309240211397e-02
4.627249999999999974e-01  2.536792440777938321e-02 8.125886848522537523e-03 8.065856468472371943e-04 1.143346822945264310e-02
4.717000000000000082e-01  2.581880487693302348e-02 9.244654738980432121e-03 8.587880087542025271e-04 1.197381940856157186e-02
4.806750000000000189e-01  2.621784353002491394e-02 1.055373645397326803e-02 9.232207068845082716e-04 1.256434940349781051e-02
4.896500000000000297e-01  2.652560622979255323e-02 1.201486902099108307e-02 9.699360775642374951e-04 1.316917816114940298e-02
4.986250000000000404e-01  2.625051090022905223e-02 1.350327813182387524e-02 1.023013608515104976e-03 1.359087864497271481e-02
5.076000000000000512e-01  2.555291677089371535e-02 1.503823834649526542e-02 1.069389188099966175e-03 1.388497952305411953e-02
5.165750000000000064e-01  2.475967903571107964e-02 1.659961286536431463e-02 1.118326195389664950e-03 1.415684287076532377e-02
5.255500000000000727e-01  2.371442795879410981e-02 1.810919380223790717e-02 1.176641479690521217e-03 1.433055861914151255e-02
5.345250000000000279e-01  2.215103968456434355e-02 1.954850806951088926e-02 1.249010699653443522e-03 1.431280350664934468e-02
5.434999999999999831e-01  2.057604366916320274e-02 2.121216481838255827e-02 1.329140375045320460e-03 1.436848443838337035e-02
5.524750000000000494e-01  1.894222574365478362e-02 2.285602007940039371e-02 1.492643472063832997e-03 1.442576574598626593e-02
5.614500000000000046e-01  1.718457960974983240e-02 2.428974933897577390e-02 1.630610069851221597e-03 1.436326035557906368e-02
5.704250000000000709e-01  1.535867499737575241e-02 2.558289010178477901e-02 1.751788003246194112e-03 1.422557349466094939e-02
5.794000000000000261e-01  1.361101826324890782e-02 2.684579246543718212e-02 1.941857078877343634e-03 1.412688208826916314e-02
5.883749999999999813e-01  1.206696684487216023e-02 2.816745542761220703e-02 2.123033357699160521e-03 1.411268052961433747e-02
5.973500000000000476e-01  1.068938252492929002e-02 2.961552850878709092e-02 2.374461262032760527e-03 1.421951422110519052e-02
6.063250000000000028e-01  9.391598323526350808e-03 3.076031961633638942e-02 2.637753396384591876e-03 1.425590276166058268e-02
6.153000000000000691e-01  8.233620959637321518e-03 3.150458864339756443e-02 2.946620182069179233e-03 1.422071075041214140e-02
6.242750000000000243e-01  7.240423359589826836e-03 3.190898092697198180e-02 3.355008899390982732e-03 1.416045573266229429e-02
6.332499999999999796e-01  6.321936725780204387e-03 3.189999759076776742e-02 3.742583870603826291e-03 1.398049265636788600e-02
6.422250000000000458e-01  5.536416633123949702e-03 3.160149244995728163e-02 4.163523923613712124e-03 1.375956506373345219e-02
6.512000000000000011e-01  4.875053582753344564e-03 3.137175501640111080e-02 4.669389351702012483e-03 1.363126199278062375e-02
6.601750000000000673e-01  4.298942500961029645e-03 3.107151231657138274e-02 5.252027945159415401e-03 1.353350755356885413e-02
6.691500000000000226e-01  3.716313841295919816e-03 3.046154992254356680e-02 5.878455336793848331e-03 1.334503187790525222e-02
6.781249999999999778e-01  3.208443067620089708e-03 2.934201691701237777e-02 6.584228168707298261e-03 1.303823186690065798e-02
6.871000000000000441e-01  2.720092967813003259e-03 2.771121574978224755e-02 7.333298573521016515e-03 1.258210207256098279e-02
6.960749999999999993e-01  2.280753754432819982e-03 2.601751156244964600e-02 8.103060647459591620e-03 1.212826460111974224e-02
7.050500000000000655e-01  1.943257031573195981e-03 2.433543684455192341e-02 8.920878193883430285e-03 1.172828432213363775e-02
7.140250000000000208e-01  1.717088282694973411e-03 2.264799522325383965e-02 9.738133725675141017e-03 1.136344777112191159e-02
7.229999999999999760e-01  1.545328837735047674e-03 2.099202499053848953e-02 1.062081000721554203e-02 1.104905363291986894e-02
7.319750000000000423e-01  1.350971622213140242e-03 1.930813625964238403e-02 1.146636790315300192e-02 1.070544657839552112e-02
7.409499999999999975e-01  1.194831446236648258e-03 1.743030131725952989e-02 1.224459311168783239e-02 1.028752990710916915e-02
7.499250000000000638e-01  1.043393431648614953e-03 1.543703009420513764e-02 1.306898667642767201e-02 9.848133162382789740e-03
7.589000000000000190e-01  9.222010468618805756e-04 1.348701004967422720e-02 1.390408058655764889e-02 9.436794643043963648e-03
7.678750000000000853e-01  7.935244376519112264e-04 1.175877078799785619e-02 1.474841648394159023e-02 9.099907972731373709e-03
7.768500000000000405e-01  7.011081572008664563e-04 1.026232422323857495e-02 1.544897153175829943e-02 8.804355107169203887e-03
7.858249999999999957e-01  6.270216089023445197e-04 8.894281692254880564e-03 1.616395862229294197e-02 8.562492543970115152e-03
7.948000000000000620e-01  5.511684594743092866e-04 7.700430450847865413e-03 1.690253259590900059e-02 8.385922817509588317e-03
8.037750000000000172e-01  4.985409441565562217e-04 6.686567969036894162e-03 1.772827230583522845e-02 8.306115088401328991e-03
8.127500000000000835e-01  4.508239729544889925e-04 5.769833594464918516e-03 1.859760307004696550e-02 8.274832345235625872e-03
8.217250000000000387e-01  4.008186817845108430e-04 4.967314850052291161e-03 1.948681424791745900e-02 8.287457201699561377e-03
8.306999999999999940e-01  3.623055495240147745e-04 4.332588593008937158e-03 2.033321156299784660e-02 8.345517805023620894e-03
8.396750000000000602e-01  3.497832295116855305e-04 3.813003042299349925e-03 2.100855511312231874e-02 8.393540558599680082e-03
8.486500000000000155e-01  3.209314194908758407e-04 3.402338873572100485e-03 2.143504391962734387e-02 8.389394823144307595e-03
8.576250000000000817e-01  2.931932566734876634e-04 3.057185341992453911e-03 2.173070480653057149e-02 8.363803858440547329e-03
8.666000000000000369e-01  2.677286228564556571e-04 2.754674318611688173e-03 2.193025833038518557e-02 8.321118441898723087e-03
8.755749999999999922e-01  2.500345128601973968e-04 2.494543908220266028e-03 2.213633803139825398e-02 8.297315513175614402e-03
8.845500000000000584e-01  2.416048228639456827e-04 2.226848265938310024e-03 2.195645207277037436e-02 8.145350719000622047e-03
8.935250000000000137e-01  2.269798396279173872e-04 1.958199527443546181e-03 2.137211745594329998e-02 7.856107083127290835e-03
9.025000000000000799e-01  2.067131996688157942e-04 1.697392533544654679e-03 2.057353644080916685e-02 7.496136520069654474e-03
9.114750000000000352e-01  1.850812403062563379e-04 1.481167392791385602e-03 1.965692807478183063e-02 7.111193180383102580e-03
9.204499999999999904e-01  1.657335271404153506e-04 1.267879583704476214e-03 1.858668180781928789e-02 6.676746872400516307e-03
9.294250000000000567e-01  1.490473151325634341e-04 1.086077770458091819e-03 1.754333199499289245e-02 6.262645233370862409e-03
9.384000000000000119e-01  1.363765204926430281e-04 9.320360299827826602e-04 1.662049289858011022e-02 5.899321925015858954e-03
9.473750000000000782e-01  1.302388479518218182e-04 8.024490772888361392e-04 1.574614062035767717e-02 5.562493421430704521e-03
9.563500000000000334e-01  1.229904323369820376e-04 6.916328113838354124e-04 1.495186965062408370e-02 5.258255734528398048e-03
9.653249999999999886e-01  1.159562215778403305e-04 5.958808176049660644e-04 1.385941377208493343e-02 4.859653029822347953e-03
9.743000000000000549e-01  1.090968452742873730e-04 5.316821855779602351e-04 1.313252619071374541e-02 4.593545581081558832e-03
9.832750000000000101e-01  1.037086160862168228e-04 4.891450062275025292e-04 1.250101096039836143e-02 4.366952595799197638e-03
9.922500000000000764e-01  1.053131002054074749e-04 4.792331410282014027e-04 1.197700169251022725e-02 4.189413528438626529e-03
1.001225000000000032e+00  1.067553775758392097e-04 4.705325472635846695e-04 1.145414250165035716e-02 4.012607381356374930e-03
1.010199999999999987e+00  1.114229322709915703e-04 4.696584097432875528e-04 1.112860094922331518e-02 3.905294588751477818e-03
1.019174999999999942e+00  1.131775640351788642e-04 4.742569231677324108e-04 1.078321377923290893e-02 3.792214150000625551e-03
1.028149999999999897e+00  1.127990244054905700e-04 4.598397488114176843e-04 1.042725824911815667e-02 3.668564379392299287e-03
1.037124999999999853e+00  1.162243802460877809e-04 4.599096844558985789e-04 1.002593259632759623e-02 3.535875565680047031e-03
1.046100000000000030e+00  1.172125419348033637e-04 4.540439933220728730e-04 9.631055560003272398e-03 3.402548079779690263e-03
1.055074999999999985e+00  1.209365698495058755e-04 4.628282492035095882e-04 9.416401373716260653e-03 3.335121727683654138e-03
1.064049999999999940e+00  1.275267906477805212e-04 4.659497336136641274e-04 9.061180219503733174e-03 3.219881698161680336e-03
1.073024999999999896e+00  1.352010778500574233e-04 4.654257922409332261e-04 8.772427454688862258e-03 3.125958202496773117e-03
1.081999999999999851e+00  1.441056089781792753e-04 4.722376085815052573e-04 8.589747928805324326e-03 3.070266702630991898e-03
1.090975000000000028e+00  1.485180327058763542e-04 4.761212916190806399e-04 8.485186456842146174e-03 3.038156955370623514e-03
1.099949999999999983e+00  1.553582671878748242e-04 4.780306238839375694e-04 8.268951250197364641e-03 2.968952568340960628e-03
1.108924999999999939e+00  1.624983129466187211e-04 5.042146859817075348e-04 8.140129374839934553e-03 2.937087888538732726e-03
1.117899999999999894e+00  1.732912555704553743e-04 5.191298661773310419e-04 8.089710301733650175e-03 2.928837705774247745e-03
1.126874999999999849e+00  1.803051574373672227e-04 5.288995281304540753e-04 7.996049503727842289e-03 2.903191380668127507e-03
1.135850000000000026e+00  1.863485018441175844e-04 5.437340604419539951e-04 7.923208944209060925e-03 2.885852500881227068e-03
1.144824999999999982e+00  1.958741918541034475e-04 5.575501163778658672e-04 7.817055771735203357e-03 2.858224729279434939e-03
1.153799999999999937e+00  2.003876244555654674e-04 5.757153318174484903e-04 7.760143552703385392e-03 2.846797625310035391e-03
1.162774999999999892e+00  2.070990948535960643e-04 5.906375588888721157e-04 7.700110734639156393e-03 2.833982484141693830e-03
1.171749999999999847e+00  2.116041998199323583e-04 6.001321848544512649e-04 7.489844004083370636e-03 2.768516495712049913e-03
1.180725000000000025e+00  2.173324253485357837e-04 5.970285879789580469e-04 7.138454266234076258e-03 2.652193673462549788e-03
1.189699999999999980e+00  2.139171903016972166e-04 5.810533339569673265e-04 6.840847811049651644e-03 2.546473665736555345e-03
1.198674999999999935e+00  2.075138552027670725e-04 5.515246527217298154e-04 6.485855449563262924e-03 2.416103440185515382e-03
1.207649999999999890e+00  2.021740544930532507e-04 5.356090797961236350e-04 6.116187316227407467e-03 2.285726889085146294e-03
1.216624999999999845e+00  1.960791566974850293e-04 5.143199145338457406e-04 5.771925578990046678e-03 2.161782682564116018e-03
1.225600000000000023e+00  1.906020151764439526e-04 4.960142670612666810e-04 5.410599190655027667e-03 2.033346541303636141e-03
1.234574999999999978e+00  1.823617657319787718e-04 4.766511359829799497e-04 5.155414295873977752e-03 1.939038315924463156e-03
1.243549999999999933e+00  1.759582960702027899e-04 4.541453897858609601e-04 4.942404795147826123e-03 1.858362609671089342e-03
1.252524999999999888e+00  1.686720129591729063e-04 4.335149201703970964e-04 4.710452744385187560e-03 1.771699214465900828e-03
1.261499999999999844e+00  1.531194540956216552e-04 3.971159716335463208e-04 4.550193912699936581e-03 1.700939809746593399e-03
1.270475000000000021e+00  1.480671432000052565e-04 3.848072523530352549e-04 4.484503256121764349e-03 1.673246018489771324e-03
1.279449999999999976e+00  1.434033972176674589e-04 3.721972689741695982e-04 4.418815464296590306e-03 1.645582399977886133e-03
1.288424999999999931e+00  1.400628106195578760e-04 3.558333315898640258e-04 4.354355408051686048e-03 1.617519166733098670e-03
1.297399999999999887e+00  1.306482822743486435e-04 3.380576012262842046e-04 4.226543307569384164e-03 1.565830763754979009e-03
1.306374999999999842e+00  1.238096156737664784e-04 3.202639405806440172e-04 4.111645532785567110e-03 1.519302541259086965e-03
1.315350000000000019e+00  1.211140444757191072e-04 3.118906393840061866e-04 4.042330277875877051e-03 1.492496316973420658e-03
1.324324999999999974e+00  1.167312781291899578e-04 2.954098929948804106e-04 3.939123386568942758e-03 1.451123464625827739e-03
1.333299999999999930e+00  1.196316942565986554e-04 2.898292313292916253e-04 3.773138625502886132e-03 1.394870946092310708e-03
1.342274999999999885e+00  1.198928813267418210e-04 2.825973117332015810e-04 3.607752898790389864e-03 1.337388303424686103e-03
1.351249999999999840e+00  1.216357949750960978e-04 2.770492043301702660e-04 3.464499106595925020e-03 1.288342158084856016e-03
1.360225000000000017e+00  1.220640072231303535e-04 2.710678544793559226e-04 3.344739334012934717e-03 1.246549338569292401e-03
1.369199999999999973e+00  1.195384878737017849e-04 2.694269179638676985e-04 3.263653371006984289e-03 1.218116160899082026e-03
1.378174999999999928e+00  1.234529990849203953e-04 2.724550153765604370e-04 3.217148011474157097e-03 1.204918905790554242e-03
1.387149999999999883e+00  1.279721894197580233e-04 2.793550606038344621e-04 3.188999906314226446e-03 1.199335521040977666e-03
1.396124999999999838e+00  1.325813847164876945e-04 2.889038493772736697e-04 3.215207251795254659e-03 1.212793495139068622e-03
1.405100000000000016e+00  1.374224960060288383e-04 2.969594173843519754e-04 3.205084412764722546e-03 1.213714263028003960e-03
1.414074999999999971e+00  1.374211567598718046e-04 2.999366835876658526e-04 3.167471219975059697e-03 1.202160272410934165e-03
1.423049999999999926e+00  1.370805145135180626e-04 2.992723699623996408e-04 3.142974515255140405e-03 1.193655056972265727e-03
1.432024999999999881e+00  1.359080826889335952e-04 3.006891635384886124e-04 3.130270896136859698e-03 1.189498976368644125e-03
1.440999999999999837e+00  1.383553239680132497e-04 3.051211435199908083e-04 3.071884814547035276e-03 1.172317497493787679e-03
1.449975000000000014e+00  1.384241389990236099e-04 3.025727566888593333e-04 2.980548490622353039e-03 1.141028282331727536e-03
1.458949999999999969e+00  1.418753226791180373e-04 3.029120342173190986e-04 2.848071090626474837e-03 1.098106764947358012e-03
1.467924999999999924e+00  1.407181631928073478e-04 2.945217140185400480e-04 2.678313456370924866e-03 1.038307250042722453e-03
1.476899999999999880e+00  1.382053578600636536e-04 2.856900283350023240e-04 2.501881251499523968e-03 9.756825716159854079e-04
1.485875000000000057e+00  1.366790426019272862e-04 2.780540303032469633e-04 2.277847096499141955e-03 8.979083506833272083e-04
1.494850000000000012e+00  1.344736671622169088e-04 2.669051152873804520e-04 2.075594058849023361e-03 8.260023901566391439e-04
1.503824999999999967e+00  1.328481044934132975e-04 2.559882573350737308e-04 1.887205983009424600e-03 7.589914181972462395e-04
1.512799999999999923e+00  1.278261650766111454e-04 2.406307281366859877e-04 1.689988975485750026e-03 6.864243436713018520e-04
1.521774999999999878e+00  1.210347721351888423e-04 2.242336226444616577e-04 1.520447236433064607e-03 6.221516038995000006e-04
1.530750000000000055e+00  1.133452776112291367e-04 2.050451851268797812e-04 1.366617026894641771e-03 5.618900282506546391e-04
1.539725000000000010e+00  1.075074971400432423e-04 1.929619394669489620e-04 1.242483719494312825e-03 5.145170606091027318e-04
1.548699999999999966e+00  1.003925665608304334e-04 1.794825924295430722e-04 1.135582585302729241e-03 4.720007419153572550e-04
1.557674999999999921e+00  9.742397801199433971e-05 1.702807219668004465e-04 1.060942656832453493e-03 4.430515927850093086e-04
1.566649999999999876e+00  9.173471853743956272e-05 1.618627405387670025e-04 1.006176546156644551e-03 4.200849183097754829e-04
1.575625000000000053e+00  9.069242589351223459e-05 1.557515091704472668e-04 9.719590804508128909e-04 4.062894826637927217e-04
1.584600000000000009e+00  8.665716832549437876e-05 1.460343107202838309e-04 9.266767529863896872e-04 3.866046995261793054e-04
1.593574999999999964e+00  8.623415755407719447e-05 1.427894541241536100e-04 8.912207221479787533e-04 3.735572987265937559e-04
1.602549999999999919e+00  8.541862954938662163e-05 1.399662479398944401e-04 8.728971096783543718e-04 3.662336348078446793e-04
1.611524999999999874e+00  8.529561570553800235e-05 1.377543540486986121e-04 8.567792497896743005e-04 3.600801510655826047e-04
1.620500000000000052e+00  8.459038253172483082e-05 1.356265302814625587e-04 8.338393872559630386e-04 3.514852021968460855e-04
1.629475000000000007e+00  8.405296723797932702e-05 1.333165025493204315e-04 8.047953254320013017e-04 3.408495890120366296e-04
1.638449999999999962e+00  8.339840295288353396e-05 1.316845400155632398e-04 7.765784658265785815e-04 3.306766447753148623e-04
1.647424999999999917e+00  8.277476985433954246e-05 1.268922957111129357e-04 7.214596672714727009e-04 3.104888665674690267e-04
1.656399999999999872e+00  8.166872896427935233e-05 1.230811112782275005e-04 6.606451941426971048e-04 2.885673114404010736e-04
1.665375000000000050e+00  7.950236451871303732e-05 1.159743438843955802e-04 6.031393264364025807e-04 2.662981423398868837e-04
1.674350000000000005e+00  7.745757256933836436e-05 1.106632846484036103e-04 5.596432282182142596e-04 2.493402529766245335e-04
1.683324999999999960e+00  7.485572304441096589e-05 1.030500398311985720e-04 5.134269188127319394e-04 2.305226092692072017e-04
1.692299999999999915e+00  7.345322492847763409e-05 9.902313849229269741e-05 4.669808041752019387e-04 2.132226449030055900e-04
1.701274999999999871e+00  7.165519102600406058e-05 9.404756961123022921e-05 4.232861617659409059e-04 1.963925444484326940e-04
1.710250000000000048e+00  6.791060901126179557e-05 8.745382035047040631e-05 3.793360096265221558e-04 1.782892718818992236e-04
1.719225000000000003e+00  6.386521159882160717e-05 8.218246187431814983e-05 3.378267533781424236e-04 1.613402406571828179e-04
1.728199999999999958e+00  6.008280058246565542e-05 7.774748724762325675e-05 2.948472179375044057e-04 1.442670713074162769e-04
1.737174999999999914e+00  5.467222250932617122e-05 7.321208773167796390e-05 2.696898379147337856e-04 1.325618215302247418e-04
1.746149999999999869e+00  5.168526163941090576e-05 6.994310347132874531e-05 2.489930007819353137e-04 1.235741554670291629e-04
1.755125000000000046e+00  4.875588525974009608e-05 6.422941718410625522e-05 2.262103814010303507e-04 1.130958027945551034e-04
1.764100000000000001e+00  4.530627104841074260e-05 5.879558322968803048e-05 1.971787440289474766e-04 1.004529641348792939e-04
1.773074999999999957e+00  4.332875427102640448e-05 5.436742131652781798e-05 1.686210141977758324e-04 8.879395221622946553e-05
1.782049999999999912e+00  3.839627519717737973e-05 4.860401257906163690e-05 1.396640393002321595e-04 7.557183753580135825e-05
1.791024999999999867e+00  3.460461807094853667e-05 4.379632400992713645e-05 1.191145856110904750e-04 6.585255891603552961e-05
 
