0.0000000000e+00 9.8513496495e-05
5.0000000000e-02 2.6285394027e-04
1.0000000000e-01 6.6604056949e-04
1.5000000000e-01 1.6027076471e-03
2.0000000000e-01 3.6624809003e-03
2.5000000000e-01 7.9481098671e-03
3.0000000000e-01 1.6380222201e-02
3.5000000000e-01 3.2058496416e-02
4.0000000000e-01 5.9584588460e-02
4.5000000000e-01 1.0517007229e-01
5.0000000000e-01 1.7628600448e-01
5.5000000000e-01 2.8061503129e-01
6.0000000000e-01 4.2420077755e-01
6.5000000000e-01 6.0897494341e-01
7.0000000000e-01 8.3022311540e-01
7.5000000000e-01 1.0748742331e+00
8.0000000000e-01 1.3215631394e+00
8.5000000000e-01 1.5430699562e+00
9.0000000000e-01 1.7110029094e+00
9.5000000000e-01 1.8017034669e+00
1.0000000000e+00 1.8017034669e+00
1.0500000000e+00 1.7110029094e+00
1.1000000000e+00 1.5430699562e+00
1.1500000000e+00 1.3215631394e+00
1.2000000000e+00 1.0748742331e+00
1.2500000000e+00 8.3022311540e-01
1.3000000000e+00 6.0897494341e-01
1.3500000000e+00 4.2420077755e-01
1.4000000000e+00 2.8061503129e-01
1.4500000000e+00 1.7628600448e-01
1.5000000000e+00 1.0517007229e-01
1.5500000000e+00 5.9584588460e-02
1.6000000000e+00 3.2058496416e-02
1.6500000000e+00 1.6380222201e-02
1.7000000000e+00 7.9481098671e-03
1.7500000000e+00 3.6624809003e-03
1.8000000000e+00 1.6027076471e-03
1.8500000000e+00 6.6604056949e-04
1.9000000000e+00 2.6285394027e-04
1.9500000000e+00 9.8513496495e-05
