5.000000000000000104e-03 7.500337657367463218e-02 4.895691769611798527e-03 1.279473864716090012e-04
1.497500000000000220e-02 8.695504548766710973e-02 5.510823481584946164e-03 1.108977288173492235e-04
2.495000000000000343e-02 1.008290973097253629e-01 7.519958615014812713e-03 2.422432899092262146e-04
3.492500000000000465e-02 1.183494802061708789e-01 8.567122179857803929e-03 2.953639809035980227e-04
4.490000000000000241e-02 1.327704691515812496e-01 1.040520437471971829e-02 3.034599896963087484e-04
5.487500000000000017e-02 1.577846181466489583e-01 1.284569984867204792e-02 3.693306576709728733e-04
6.485000000000000486e-02 1.797719936814748398e-01 1.524043230821691200e-02 4.463915267515094652e-04
7.482500000000001650e-02 2.073567164389494566e-01 1.824176149056381743e-02 5.675190290570052273e-04
8.480000000000001426e-02 2.382458806908971105e-01 2.243712249412715617e-02 6.682816440499196858e-04
9.477500000000001201e-02 2.679928101540647867e-01 2.684465764085721198e-02 6.203584569966925488e-04
1.047500000000000098e-01 3.074959500340115337e-01 3.174721612633765039e-02 1.091304840748617616e-03
1.147250000000000214e-01 3.459314391015194112e-01 3.696983586572146624e-02 1.099527269502161139e-03
1.247000000000000192e-01 3.907779537767550604e-01 4.349915955751189334e-02 1.523505721819250940e-03
1.346750000000000169e-01 4.391423125621255474e-01 5.090950669976463533e-02 1.653228354430372280e-03
1.446500000000000286e-01 4.919312808722807184e-01 5.975963745459602489e-02 2.205210207508719825e-03
1.546250000000000124e-01 5.503109580414988766e-01 7.044357615469515332e-02 2.223278353194033455e-03
1.646000000000000241e-01 6.098032934895833979e-01 8.261249990744949645e-02 3.232085271443142262e-03
1.745750000000000357e-01 6.724396587183414375e-01 9.681898851132325623e-02 3.462722833388413943e-03
1.845500000000000196e-01 7.463056031288627379e-01 1.119629639688562994e-01 4.146790224272256173e-03
1.945250000000000312e-01 8.105802363350310680e-01 1.296990496919557811e-01 5.324479000094550253e-03
2.045000000000000151e-01 8.945625027561072695e-01 1.460996410075709462e-01 6.476283740128099646e-03
2.144750000000000267e-01 9.735378107677767900e-01 1.692657677936207361e-01 7.440334827251123342e-03
2.244500000000000384e-01 1.070676486344481759e+00 1.943946175189543712e-01 9.362731688189853199e-03
2.344250000000000222e-01 1.151185140292962039e+00 2.219333719988314246e-01 1.082956221294360810e-02
2.444000000000000339e-01 1.245194204766595591e+00 2.503979426689042498e-01 1.314873740601689434e-02
2.543750000000000178e-01 1.340249615150728824e+00 2.825014506207671472e-01 1.443525012475536246e-02
2.643500000000000294e-01 1.434648834835598796e+00 3.211662754071765158e-01 1.752107696601689496e-02
2.743250000000000410e-01 1.526550778359127225e+00 3.628498053585982319e-01 2.142578419876683959e-02
2.843000000000000527e-01 1.620529146530887310e+00 4.135273905611951961e-01 2.501000241417863576e-02
2.942750000000000643e-01 1.716412798467374268e+00 4.613057416584248616e-01 2.820014839909375237e-02
3.042500000000000204e-01 1.822532175548895239e+00 5.094295610230785698e-01 3.303362850102215670e-02
3.142250000000000321e-01 1.909107707447180946e+00 5.720470570908333663e-01 3.905511947510566240e-02
3.242000000000000437e-01 1.987031040303793183e+00 6.349757349485408708e-01 4.534320986208366377e-02
3.341750000000000553e-01 2.063476352939576763e+00 6.894827627270587733e-01 5.282725370890486299e-02
3.441500000000000670e-01 2.155970990437446666e+00 7.709439447307847582e-01 6.047870838309459679e-02
3.541250000000000231e-01 2.223695958478361323e+00 8.383149138509056186e-01 7.128817739005606502e-02
3.641000000000000347e-01 2.282821766085495696e+00 9.151189176954354076e-01 8.074748266263812035e-02
3.740750000000000464e-01 2.350722462764513132e+00 9.935018127219420458e-01 9.068712842174687927e-02
3.840500000000000580e-01 2.388278624455461685e+00 1.080409172013711672e+00 1.062976943273279823e-01
3.940250000000000696e-01 2.434588743046854464e+00 1.157936331868714142e+00 1.188690316993238072e-01
4.040000000000000258e-01 2.472691584192798331e+00 1.260086122944300557e+00 1.351882854167279491e-01
4.139750000000000374e-01 2.491692511133905885e+00 1.351562533822697310e+00 1.539290807926627092e-01
4.239500000000000490e-01 2.503246079663056900e+00 1.436643731406253899e+00 1.764345684546978488e-01
4.339250000000000607e-01 2.515555289003010841e+00 1.531204221547302069e+00 1.966874450925838458e-01
4.439000000000000723e-01 2.498358634840338155e+00 1.618493593855769186e+00 2.229874682922338702e-01
4.538750000000000839e-01 2.482412525806751091e+00 1.720862554093526953e+00 2.495112879717432952e-01
4.638500000000000401e-01 2.468774123331821890e+00 1.814546613572962430e+00 2.775660834102682273e-01
4.738250000000000517e-01 2.421813980601320360e+00 1.892774959764802478e+00 3.074779910173606745e-01
4.838000000000000633e-01 2.375786358171139145e+00 1.978982322996114984e+00 3.466982797305203090e-01
4.937750000000000750e-01 2.325807104936219893e+00 2.053374613978374619e+00 3.819767300797241028e-01
5.037500000000000311e-01 2.272975526615445663e+00 2.126356358994734741e+00 4.185290601970869662e-01
5.137250000000000982e-01 2.190531176705507121e+00 2.207854188200886192e+00 4.610069060647476458e-01
5.237000000000000544e-01 2.118783418065668389e+00 2.261394629532821554e+00 5.077746196626570230e-01
5.336750000000001215e-01 2.032719238939504347e+00 2.310641286934764782e+00 5.553243590715060130e-01
5.436500000000000776e-01 1.962008266439843052e+00 2.363852319674026425e+00 6.021586745247287098e-01
5.536250000000000338e-01 1.866823701163407456e+00 2.399543223176948903e+00 6.558202479654142714e-01
5.636000000000001009e-01 1.779370827586068904e+00 2.423718665163622443e+00 7.057348426044661727e-01
5.735750000000000570e-01 1.695357878247069738e+00 2.453213364698836330e+00 7.707931143125400508e-01
5.835500000000001242e-01 1.599884990039075694e+00 2.456241262429134764e+00 8.280980079310187314e-01
5.935250000000000803e-01 1.493231383165627646e+00 2.463733423986150584e+00 8.875017700132470377e-01
6.035000000000000364e-01 1.407080114678881833e+00 2.460804334080055167e+00 9.544893275679345868e-01
6.134750000000001036e-01 1.314664887614461986e+00 2.437608080737074356e+00 1.012061687821562472e+00
6.234500000000000597e-01 1.216568161720947838e+00 2.411567002336243881e+00 1.079038174845721842e+00
6.334250000000001268e-01 1.125524896329824998e+00 2.379922263996194332e+00 1.140773428785526677e+00
6.434000000000000830e-01 1.042222423443250001e+00 2.327300928999380236e+00 1.205407065405979861e+00
6.533750000000000391e-01 9.653377301534663557e-01 2.282198355309756455e+00 1.275882959390624016e+00
6.633500000000001062e-01 8.789337718918694975e-01 2.217044021044159763e+00 1.342919808943167315e+00
6.733250000000000624e-01 8.049824135875596198e-01 2.152121620585037753e+00 1.394803740584512619e+00
6.833000000000001295e-01 7.269633998489222204e-01 2.077378976273534850e+00 1.459847097026405027e+00
6.932750000000000856e-01 6.615145401158519789e-01 2.006875983578870315e+00 1.528874999332957119e+00
7.032500000000000417e-01 6.002264124576029980e-01 1.920556786595215337e+00 1.582767522679756622e+00
7.132250000000001089e-01 5.372476721375615272e-01 1.832506173692381335e+00 1.645637830103101606e+00
7.232000000000000650e-01 4.879106338775952012e-01 1.742305380899204392e+00 1.692513600909610227e+00
7.331750000000001322e-01 4.316685059788731293e-01 1.658845926487413358e+00 1.738669127441414997e+00
7.431500000000000883e-01 3.811962990525223915e-01 1.567533410738671140e+00 1.793115579560981443e+00
7.531250000000000444e-01 3.400197613898749416e-01 1.483790186156650925e+00 1.825273315190310663e+00
7.631000000000001116e-01 3.008043897435901393e-01 1.383564896328180582e+00 1.865425501570974864e+00
7.730750000000000677e-01 2.649203771024658538e-01 1.297415722434593688e+00 1.898564356213796378e+00
7.830500000000001348e-01 2.311142240014605886e-01 1.201906386435453999e+00 1.926232210314691384e+00
7.930250000000000909e-01 2.068573962817798484e-01 1.116651247553409831e+00 1.947903289644573155e+00
8.030000000000000471e-01 1.751222041371870708e-01 1.034331706019487651e+00 1.975316198526781086e+00
8.129750000000001142e-01 1.569988084010174312e-01 9.567703228772945767e-01 1.986346417605177939e+00
8.229500000000000703e-01 1.318884340215291939e-01 8.760858821746695391e-01 1.995449179283793395e+00
8.329250000000001375e-01 1.152212317445357459e-01 7.978044175896678025e-01 1.996566078099355490e+00
8.429000000000000936e-01 9.960370142203452126e-02 7.311807727842575266e-01 1.992889771800228749e+00
8.528750000000001608e-01 8.603862935281859914e-02 6.705466060881014601e-01 1.984002987540823604e+00
8.628500000000001169e-01 7.177126708263364963e-02 6.074154983055238821e-01 1.979678525079082929e+00
8.728250000000000730e-01 6.273108162161308843e-02 5.456696006792235432e-01 1.957836600738946498e+00
8.828000000000001402e-01 5.314810091625853800e-02 4.929167025051484630e-01 1.950545877057180633e+00
8.927750000000000963e-01 4.663030020522632851e-02 4.424867260668913227e-01 1.919416555584597228e+00
9.027500000000001634e-01 3.856621781161844592e-02 3.982528087659223948e-01 1.891086819931979468e+00
9.127250000000001195e-01 3.160525661104470613e-02 3.517382879302431431e-01 1.857035222492949833e+00
9.227000000000000757e-01 2.869546911261104324e-02 3.130947267669441647e-01 1.822622059975235631e+00
9.326750000000001428e-01 2.398063810075336602e-02 2.792012436584409563e-01 1.790765278777392000e+00
9.426500000000000989e-01 2.078586901410571855e-02 2.451915718266314825e-01 1.742413602696971875e+00
9.526250000000001661e-01 1.588651269066017682e-02 2.157649967967328053e-01 1.698761559709590641e+00
9.626000000000001222e-01 1.337600485861379501e-02 1.905415095327370745e-01 1.656326654904463291e+00
9.725750000000000783e-01 1.164144672941334543e-02 1.670513190573393036e-01 1.602697118854215841e+00
9.825500000000001455e-01 8.853496876078432651e-03 1.452043250988854506e-01 1.550851516331930524e+00
9.925250000000001016e-01 7.679997417926577065e-03 1.276217763104865177e-01 1.502759033874661032e+00
1.002500000000000169e+00 6.873984656643502243e-03 1.109444495353800048e-01 1.452336196615974018e+00
1.012475000000000014e+00 5.958229366316568007e-03 9.406719082529139964e-02 1.388378819005438025e+00
1.022450000000000081e+00 4.116344154357963123e-03 8.285943559308329986e-02 1.342243484386812513e+00
1.032424999999999926e+00 3.521859530549104663e-03 6.881538966225338172e-02 1.273060983058654783e+00
1.042399999999999993e+00 3.100424504497953024e-03 6.069895826746962708e-02 1.219698067247037665e+00
1.052375000000000060e+00 2.341289319426153367e-03 5.103429008465943523e-02 1.164941194184251794e+00
1.062350000000000128e+00 1.727441338383463526e-03 4.464955914876713589e-02 1.111271035886659320e+00
1.072324999999999973e+00 1.387982146990971539e-03 3.707148458488392084e-02 1.050005754624752319e+00
1.082300000000000040e+00 1.325329523063693577e-03 3.206305587231701726e-02 9.981308658744451057e-01
1.092275000000000107e+00 1.003775655358410054e-03 2.739674729845610959e-02 9.499729067813414973e-01
1.102249999999999952e+00 8.645816025556380974e-04 2.302486771817285546e-02 8.888482488027392714e-01
1.112225000000000019e+00 4.921359780159865463e-04 1.905366990785458195e-02 8.377122941068070316e-01
1.122200000000000086e+00 4.677428120763853529e-04 1.617440385805517244e-02 7.905856668696000789e-01
1.132174999999999931e+00 4.019112078478384088e-04 1.317858517491843871e-02 7.442645154251656958e-01
1.142149999999999999e+00 3.401380383113728205e-04 1.131370002664204219e-02 6.916350478471565699e-01
1.152125000000000066e+00 3.542679018068134846e-04 1.002450913984485881e-02 6.466555839220953228e-01
1.162100000000000133e+00 2.907865484334066705e-04 7.978744278818806004e-03 6.028591254933309829e-01
1.172074999999999978e+00 1.437340931766783309e-04 6.231437335334723791e-03 5.602271903055482394e-01
1.182050000000000045e+00 6.422001395757319375e-05 5.756629295152673222e-03 5.173089336251919246e-01
1.192025000000000112e+00 7.320208954832964300e-05 4.630795611047317829e-03 4.816078727075147059e-01
1.201999999999999957e+00 5.437624913533205685e-05 3.435095893630473428e-03 4.443868217883192306e-01
1.211975000000000025e+00 1.194441931898490773e-04 2.489316967031268528e-03 4.047101322490724296e-01
1.221950000000000092e+00 5.443189090566650151e-05 2.427565897126089146e-03 3.749594850516488886e-01
1.231924999999999937e+00 1.617032662547468946e-05 2.115328890951138907e-03 3.463170231464622328e-01
1.241900000000000004e+00 3.236746659803933692e-05 2.017230006219666773e-03 3.158557104897660728e-01
1.251875000000000071e+00 3.028007814510453807e-05 1.117924273145236421e-03 2.891113610905480247e-01
1.261850000000000138e+00 5.968883689276073612e-06 1.156343865948167770e-03 2.608628760865596141e-01
1.271824999999999983e+00 1.614926121943358658e-05 6.941762622253219847e-04 2.353777897278687414e-01
1.281800000000000050e+00 0.000000000000000000e+00 6.923353073472226279e-04 2.163429270288597661e-01
1.291775000000000118e+00 4.498244226806757739e-05 4.519435309487578392e-04 1.976577491192365865e-01
1.301749999999999963e+00 0.000000000000000000e+00 4.270476410813869297e-04 1.772293261049863178e-01
1.311725000000000030e+00 1.220915913069911443e-05 4.194796740372127631e-04 1.601192190135589666e-01
1.321700000000000097e+00 3.221412010285282061e-05 3.263726693305993125e-04 1.440349602973819143e-01
1.331675000000000164e+00 0.000000000000000000e+00 2.762245977062284140e-04 1.290640471065607198e-01
1.341650000000000009e+00 0.000000000000000000e+00 2.305523503252121422e-04 1.149946209585905876e-01
1.351625000000000076e+00 0.000000000000000000e+00 1.914457422244856427e-04 1.015608624001309856e-01
1.361600000000000144e+00 0.000000000000000000e+00 1.663573980732900495e-04 9.220841530452823787e-02
1.371574999999999989e+00 0.000000000000000000e+00 1.627786688897714309e-04 7.923898972140812347e-02
1.381550000000000056e+00 0.000000000000000000e+00 7.657470325690071418e-05 7.188272817716875873e-02
1.391525000000000123e+00 0.000000000000000000e+00 5.081844884058814375e-05 6.382376427044003653e-02
1.401499999999999968e+00 0.000000000000000000e+00 8.513217510296166874e-05 5.563486822317871561e-02
1.411475000000000035e+00 0.000000000000000000e+00 9.678643003535696541e-05 4.999485263509344246e-02
1.421450000000000102e+00 0.000000000000000000e+00 5.823816203502894275e-05 4.364093040321737754e-02
1.431425000000000169e+00 0.000000000000000000e+00 2.694584046871970298e-05 3.840926862507128281e-02
1.441400000000000015e+00 0.000000000000000000e+00 2.661553795523348558e-05 3.375952242436591061e-02
1.451375000000000082e+00 0.000000000000000000e+00 1.336105039719591896e-05 2.991583410292267958e-02
1.461350000000000149e+00 0.000000000000000000e+00 0.000000000000000000e+00 2.536154457057310588e-02
1.471324999999999994e+00 0.000000000000000000e+00 3.025973808950187352e-05 2.195265402726248594e-02
1.481300000000000061e+00 0.000000000000000000e+00 0.000000000000000000e+00 1.880643871162856681e-02
1.491275000000000128e+00 0.000000000000000000e+00 0.000000000000000000e+00 1.686404221337681197e-02
1.501249999999999973e+00 0.000000000000000000e+00 1.481419859189634810e-05 1.473260705582905318e-02
1.511225000000000041e+00 0.000000000000000000e+00 0.000000000000000000e+00 1.262862407109040068e-02
1.521200000000000108e+00 0.000000000000000000e+00 0.000000000000000000e+00 1.063563355428772880e-02
1.531175000000000175e+00 0.000000000000000000e+00 0.000000000000000000e+00 8.777726320912275504e-03
1.541150000000000020e+00 0.000000000000000000e+00 0.000000000000000000e+00 7.773730276938457806e-03
1.551125000000000087e+00 0.000000000000000000e+00 0.000000000000000000e+00 6.736852732914988019e-03
1.561100000000000154e+00 0.000000000000000000e+00 0.000000000000000000e+00 5.580996108155205672e-03
1.571074999999999999e+00 0.000000000000000000e+00 0.000000000000000000e+00 4.571400790453873132e-03
1.581050000000000066e+00 0.000000000000000000e+00 0.000000000000000000e+00 4.020583397742199736e-03
1.591025000000000134e+00 0.000000000000000000e+00 0.000000000000000000e+00 3.655649680613180363e-03
1.600999999999999979e+00 0.000000000000000000e+00 0.000000000000000000e+00 3.118701393333487074e-03
1.610975000000000046e+00 0.000000000000000000e+00 0.000000000000000000e+00 2.679909354264764076e-03
1.620950000000000113e+00 0.000000000000000000e+00 0.000000000000000000e+00 2.232628873883956908e-03
1.630925000000000180e+00 0.000000000000000000e+00 0.000000000000000000e+00 1.869075011593258027e-03
1.640900000000000025e+00 0.000000000000000000e+00 0.000000000000000000e+00 1.436629142860080350e-03
1.650875000000000092e+00 0.000000000000000000e+00 0.000000000000000000e+00 1.248766981825876789e-03
1.660850000000000160e+00 0.000000000000000000e+00 0.000000000000000000e+00 1.120133000489335288e-03
1.670825000000000005e+00 0.000000000000000000e+00 0.000000000000000000e+00 8.123958080701813422e-04
1.680800000000000072e+00 0.000000000000000000e+00 0.000000000000000000e+00 6.771100047548967533e-04
1.690775000000000139e+00 0.000000000000000000e+00 0.000000000000000000e+00 5.416384127450162185e-04
1.700750000000000206e+00 0.000000000000000000e+00 0.000000000000000000e+00 5.204711732596436092e-04
1.710725000000000051e+00 0.000000000000000000e+00 0.000000000000000000e+00 3.562906413587728859e-04
1.720700000000000118e+00 0.000000000000000000e+00 0.000000000000000000e+00 3.361319604927329673e-04
1.730675000000000185e+00 0.000000000000000000e+00 0.000000000000000000e+00 2.378020904811505238e-04
1.740650000000000031e+00 0.000000000000000000e+00 0.000000000000000000e+00 2.622004053577133551e-04
1.750625000000000098e+00 0.000000000000000000e+00 0.000000000000000000e+00 2.066190144527823224e-04
1.760600000000000165e+00 0.000000000000000000e+00 0.000000000000000000e+00 1.297598491738326395e-04
1.770575000000000010e+00 0.000000000000000000e+00 0.000000000000000000e+00 1.790295732395855838e-04
1.780550000000000077e+00 0.000000000000000000e+00 0.000000000000000000e+00 1.811324284904189820e-04
1.790525000000000144e+00 0.000000000000000000e+00 0.000000000000000000e+00 8.485537678035211663e-05
1.800500000000000211e+00 0.000000000000000000e+00 0.000000000000000000e+00 9.844889160759961717e-05
1.810475000000000056e+00 0.000000000000000000e+00 0.000000000000000000e+00 8.058884642766676138e-05
1.820450000000000124e+00 0.000000000000000000e+00 0.000000000000000000e+00 4.806707579151864258e-05
1.830425000000000191e+00 0.000000000000000000e+00 0.000000000000000000e+00 3.395369443368275629e-05
1.840400000000000036e+00 0.000000000000000000e+00 0.000000000000000000e+00 4.971545236920216367e-05
1.850375000000000103e+00 0.000000000000000000e+00 0.000000000000000000e+00 4.164041380205882916e-05
1.860350000000000170e+00 0.000000000000000000e+00 0.000000000000000000e+00 2.485814948011325591e-05
1.870325000000000015e+00 0.000000000000000000e+00 0.000000000000000000e+00 3.159068639908696328e-05
1.880300000000000082e+00 0.000000000000000000e+00 0.000000000000000000e+00 1.085672092253872655e-05
1.890275000000000150e+00 0.000000000000000000e+00 0.000000000000000000e+00 2.548977269143883382e-05
1.900250000000000217e+00 0.000000000000000000e+00 0.000000000000000000e+00 2.146039624909061878e-05
1.910225000000000062e+00 0.000000000000000000e+00 0.000000000000000000e+00 2.273165349906420209e-05
1.920200000000000129e+00 0.000000000000000000e+00 0.000000000000000000e+00 1.175135595706508607e-05
1.930175000000000196e+00 0.000000000000000000e+00 0.000000000000000000e+00 0.000000000000000000e+00
1.940150000000000041e+00 0.000000000000000000e+00 0.000000000000000000e+00 0.000000000000000000e+00
1.950125000000000108e+00 0.000000000000000000e+00 0.000000000000000000e+00 0.000000000000000000e+00
1.960100000000000176e+00 0.000000000000000000e+00 0.000000000000000000e+00 0.000000000000000000e+00
1.970075000000000243e+00 0.000000000000000000e+00 0.000000000000000000e+00 0.000000000000000000e+00
1.980050000000000088e+00 0.000000000000000000e+00 0.000000000000000000e+00 0.000000000000000000e+00
1.990025000000000155e+00 0.000000000000000000e+00 0.000000000000000000e+00 0.000000000000000000e+00
