0.000000e+00 4.166667e-03 8.333333e-03 3.667746e-03
8.333333e-03 1.250000e-02 1.666667e-02 1.526587e-02
1.666667e-02 2.083333e-02 2.500000e-02 2.956590e-02
2.500000e-02 2.916667e-02 3.333333e-02 4.561646e-02
3.333333e-02 3.750000e-02 4.166667e-02 6.296791e-02
4.166667e-02 4.583333e-02 5.000000e-02 8.133938e-02
5.000000e-02 5.416667e-02 5.833333e-02 1.005312e-01
5.833333e-02 6.250000e-02 6.666667e-02 1.203904e-01
6.666667e-02 7.083333e-02 7.500000e-02 1.407935e-01
7.500000e-02 7.916667e-02 8.333333e-02 1.616375e-01
8.333333e-02 8.750000e-02 9.166667e-02 1.828341e-01
9.166667e-02 9.583333e-02 1.000000e-01 2.043065e-01
1.000000e-01 1.041667e-01 1.083333e-01 2.259865e-01
1.083333e-01 1.125000e-01 1.166667e-01 2.478129e-01
1.166667e-01 1.208333e-01 1.250000e-01 2.697307e-01
1.250000e-01 1.291667e-01 1.333333e-01 2.916895e-01
1.333333e-01 1.375000e-01 1.416667e-01 3.136435e-01
1.416667e-01 1.458333e-01 1.500000e-01 3.355503e-01
1.500000e-01 1.541667e-01 1.583333e-01 3.573711e-01
1.583333e-01 1.625000e-01 1.666667e-01 3.790699e-01
1.666667e-01 1.708333e-01 1.750000e-01 4.006133e-01
1.750000e-01 1.791667e-01 1.833333e-01 4.219703e-01
1.833333e-01 1.875000e-01 1.916667e-01 4.431122e-01
1.916667e-01 1.958333e-01 2.000000e-01 4.640124e-01
2.000000e-01 2.041667e-01 2.083333e-01 4.846459e-01
2.083333e-01 2.125000e-01 2.166667e-01 5.049899e-01
2.166667e-01 2.208333e-01 2.250000e-01 5.250229e-01
2.250000e-01 2.291667e-01 2.333333e-01 5.447251e-01
2.333333e-01 2.375000e-01 2.416667e-01 5.640782e-01
2.416667e-01 2.458333e-01 2.500000e-01 5.830653e-01
2.500000e-01 2.541667e-01 2.583333e-01 6.016707e-01
2.583333e-01 2.625000e-01 2.666667e-01 6.198800e-01
2.666667e-01 2.708333e-01 2.750000e-01 6.376801e-01
2.750000e-01 2.791667e-01 2.833333e-01 6.550590e-01
2.833333e-01 2.875000e-01 2.916667e-01 6.720057e-01
2.916667e-01 2.958333e-01 3.000000e-01 6.885104e-01
3.000000e-01 3.041667e-01 3.083333e-01 7.045640e-01
3.083333e-01 3.125000e-01 3.166667e-01 7.201587e-01
3.166667e-01 3.208333e-01 3.250000e-01 7.352874e-01
3.250000e-01 3.291667e-01 3.333333e-01 7.499440e-01
3.333333e-01 3.375000e-01 3.416667e-01 7.641231e-01
3.416667e-01 3.458333e-01 3.500000e-01 7.778201e-01
3.500000e-01 3.541667e-01 3.583333e-01 7.910314e-01
3.583333e-01 3.625000e-01 3.666667e-01 8.037539e-01
3.666667e-01 3.708333e-01 3.750000e-01 8.159853e-01
3.750000e-01 3.791667e-01 3.833333e-01 8.277240e-01
3.833333e-01 3.875000e-01 3.916667e-01 8.389688e-01
3.916667e-01 3.958333e-01 4.000000e-01 8.497195e-01
4.000000e-01 4.041667e-01 4.083333e-01 8.599763e-01
4.083333e-01 4.125000e-01 4.166667e-01 8.697400e-01
4.166667e-01 4.208333e-01 4.250000e-01 8.790118e-01
4.250000e-01 4.291667e-01 4.333333e-01 8.877935e-01
4.333333e-01 4.375000e-01 4.416667e-01 8.960876e-01
4.416667e-01 4.458333e-01 4.500000e-01 9.038968e-01
4.500000e-01 4.541667e-01 4.583333e-01 9.112242e-01
4.583333e-01 4.625000e-01 4.666667e-01 9.180737e-01
4.666667e-01 4.708333e-01 4.750000e-01 9.244491e-01
4.750000e-01 4.791667e-01 4.833333e-01 9.303550e-01
4.833333e-01 4.875000e-01 4.916667e-01 9.357961e-01
4.916667e-01 4.958333e-01 5.000000e-01 9.407776e-01
5.000000e-01 5.041667e-01 5.083333e-01 9.453048e-01
5.083333e-01 5.125000e-01 5.166667e-01 9.493836e-01
5.166667e-01 5.208333e-01 5.250000e-01 9.530200e-01
5.250000e-01 5.291667e-01 5.333333e-01 9.562203e-01
5.333333e-01 5.375000e-01 5.416667e-01 9.589909e-01
5.416667e-01 5.458333e-01 5.500000e-01 9.613387e-01
5.500000e-01 5.541667e-01 5.583333e-01 9.632707e-01
5.583333e-01 5.625000e-01 5.666667e-01 9.647940e-01
5.666667e-01 5.708333e-01 5.750000e-01 9.659160e-01
5.750000e-01 5.791667e-01 5.833333e-01 9.666443e-01
5.833333e-01 5.875000e-01 5.916667e-01 9.669864e-01
5.916667e-01 5.958333e-01 6.000000e-01 9.669503e-01
6.000000e-01 6.041667e-01 6.083333e-01 9.665438e-01
6.083333e-01 6.125000e-01 6.166667e-01 9.657751e-01
6.166667e-01 6.208333e-01 6.250000e-01 9.646522e-01
6.250000e-01 6.291667e-01 6.333333e-01 9.631835e-01
6.333333e-01 6.375000e-01 6.416667e-01 9.613772e-01
6.416667e-01 6.458333e-01 6.500000e-01 9.592418e-01
6.500000e-01 6.541667e-01 6.583333e-01 9.567856e-01
6.583333e-01 6.625000e-01 6.666667e-01 9.540171e-01
6.666667e-01 6.708333e-01 6.750000e-01 9.509449e-01
6.750000e-01 6.791667e-01 6.833333e-01 9.475774e-01
6.833333e-01 6.875000e-01 6.916667e-01 9.439232e-01
6.916667e-01 6.958333e-01 7.000000e-01 9.399908e-01
7.000000e-01 7.041667e-01 7.083333e-01 9.357888e-01
7.083333e-01 7.125000e-01 7.166667e-01 9.313256e-01
7.166667e-01 7.208333e-01 7.250000e-01 9.266098e-01
7.250000e-01 7.291667e-01 7.333333e-01 9.216498e-01
7.333333e-01 7.375000e-01 7.416667e-01 9.164540e-01
7.416667e-01 7.458333e-01 7.500000e-01 9.110308e-01
7.500000e-01 7.541667e-01 7.583333e-01 9.053885e-01
7.583333e-01 7.625000e-01 7.666667e-01 8.995355e-01
7.666667e-01 7.708333e-01 7.750000e-01 8.934797e-01
7.750000e-01 7.791667e-01 7.833333e-01 8.872295e-01
7.833333e-01 7.875000e-01 7.916667e-01 8.807928e-01
7.916667e-01 7.958333e-01 8.000000e-01 8.741776e-01
8.000000e-01 8.041667e-01 8.083333e-01 8.673918e-01
8.083333e-01 8.125000e-01 8.166667e-01 8.604431e-01
8.166667e-01 8.208333e-01 8.250000e-01 8.533393e-01
8.250000e-01 8.291667e-01 8.333333e-01 8.460879e-01
8.333333e-01 8.375000e-01 8.416667e-01 8.386964e-01
8.416667e-01 8.458333e-01 8.500000e-01 8.311723e-01
8.500000e-01 8.541667e-01 8.583333e-01 8.235227e-01
8.583333e-01 8.625000e-01 8.666667e-01 8.157548e-01
8.666667e-01 8.708333e-01 8.750000e-01 8.078756e-01
8.750000e-01 8.791667e-01 8.833333e-01 7.998922e-01
8.833333e-01 8.875000e-01 8.916667e-01 7.918111e-01
8.916667e-01 8.958333e-01 9.000000e-01 7.836392e-01
9.000000e-01 9.041667e-01 9.083333e-01 7.753830e-01
9.083333e-01 9.125000e-01 9.166667e-01 7.670489e-01
9.166667e-01 9.208333e-01 9.250000e-01 7.586431e-01
9.250000e-01 9.291667e-01 9.333333e-01 7.501719e-01
9.333333e-01 9.375000e-01 9.416667e-01 7.416412e-01
9.416667e-01 9.458333e-01 9.500000e-01 7.330570e-01
9.500000e-01 9.541667e-01 9.583333e-01 7.244249e-01
9.583333e-01 9.625000e-01 9.666667e-01 7.157507e-01
9.666667e-01 9.708333e-01 9.750000e-01 7.070399e-01
9.750000e-01 9.791667e-01 9.833333e-01 6.982976e-01
9.833333e-01 9.875000e-01 9.916667e-01 6.895293e-01
9.916667e-01 9.958333e-01 1.000000e+00 6.807400e-01
1.000000e+00 1.004167e+00 1.008333e+00 6.719346e-01
1.008333e+00 1.012500e+00 1.016667e+00 6.631180e-01
1.016667e+00 1.020833e+00 1.025000e+00 6.542947e-01
1.025000e+00 1.029167e+00 1.033333e+00 6.454695e-01
1.033333e+00 1.037500e+00 1.041667e+00 6.366466e-01
1.041667e+00 1.045833e+00 1.050000e+00 6.278305e-01
1.050000e+00 1.054167e+00 1.058333e+00 6.190251e-01
1.058333e+00 1.062500e+00 1.066667e+00 6.102346e-01
1.066667e+00 1.070833e+00 1.075000e+00 6.014628e-01
1.075000e+00 1.079167e+00 1.083333e+00 5.927135e-01
1.083333e+00 1.087500e+00 1.091667e+00 5.839903e-01
1.091667e+00 1.095833e+00 1.100000e+00 5.752967e-01
1.100000e+00 1.104167e+00 1.108333e+00 5.666362e-01
1.108333e+00 1.112500e+00 1.116667e+00 5.580119e-01
1.116667e+00 1.120833e+00 1.125000e+00 5.494270e-01
1.125000e+00 1.129167e+00 1.133333e+00 5.408846e-01
1.133333e+00 1.137500e+00 1.141667e+00 5.323874e-01
1.141667e+00 1.145833e+00 1.150000e+00 5.239384e-01
1.150000e+00 1.154167e+00 1.158333e+00 5.155401e-01
1.158333e+00 1.162500e+00 1.166667e+00 5.071952e-01
1.166667e+00 1.170833e+00 1.175000e+00 4.989060e-01
1.175000e+00 1.179167e+00 1.183333e+00 4.906749e-01
1.183333e+00 1.187500e+00 1.191667e+00 4.825041e-01
1.191667e+00 1.195833e+00 1.200000e+00 4.743957e-01
1.200000e+00 1.204167e+00 1.208333e+00 4.663517e-01
1.208333e+00 1.212500e+00 1.216667e+00 4.583741e-01
1.216667e+00 1.220833e+00 1.225000e+00 4.504646e-01
1.225000e+00 1.229167e+00 1.233333e+00 4.426249e-01
1.233333e+00 1.237500e+00 1.241667e+00 4.348568e-01
1.241667e+00 1.245833e+00 1.250000e+00 4.271616e-01
1.250000e+00 1.254167e+00 1.258333e+00 4.195408e-01
1.258333e+00 1.262500e+00 1.266667e+00 4.119958e-01
1.266667e+00 1.270833e+00 1.275000e+00 4.045277e-01
1.275000e+00 1.279167e+00 1.283333e+00 3.971378e-01
1.283333e+00 1.287500e+00 1.291667e+00 3.898272e-01
1.291667e+00 1.295833e+00 1.300000e+00 3.825967e-01
1.300000e+00 1.304167e+00 1.308333e+00 3.754474e-01
1.308333e+00 1.312500e+00 1.316667e+00 3.683801e-01
1.316667e+00 1.320833e+00 1.325000e+00 3.613955e-01
1.325000e+00 1.329167e+00 1.333333e+00 3.544944e-01
1.333333e+00 1.337500e+00 1.341667e+00 3.476773e-01
1.341667e+00 1.345833e+00 1.350000e+00 3.409447e-01
1.350000e+00 1.354167e+00 1.358333e+00 3.342973e-01
1.358333e+00 1.362500e+00 1.366667e+00 3.277353e-01
1.366667e+00 1.370833e+00 1.375000e+00 3.212591e-01
1.375000e+00 1.379167e+00 1.383333e+00 3.148691e-01
1.383333e+00 1.387500e+00 1.391667e+00 3.085654e-01
1.391667e+00 1.395833e+00 1.400000e+00 3.023482e-01
1.400000e+00 1.404167e+00 1.408333e+00 2.962176e-01
1.408333e+00 1.412500e+00 1.416667e+00 2.901737e-01
1.416667e+00 1.420833e+00 1.425000e+00 2.842165e-01
1.425000e+00 1.429167e+00 1.433333e+00 2.783459e-01
1.433333e+00 1.437500e+00 1.441667e+00 2.725619e-01
1.441667e+00 1.445833e+00 1.450000e+00 2.668643e-01
1.450000e+00 1.454167e+00 1.458333e+00 2.612529e-01
1.458333e+00 1.462500e+00 1.466667e+00 2.557276e-01
1.466667e+00 1.470833e+00 1.475000e+00 2.502879e-01
1.475000e+00 1.479167e+00 1.483333e+00 2.449336e-01
1.483333e+00 1.487500e+00 1.491667e+00 2.396645e-01
1.491667e+00 1.495833e+00 1.500000e+00 2.344799e-01
1.500000e+00 1.504167e+00 1.508333e+00 2.293797e-01
1.508333e+00 1.512500e+00 1.516667e+00 2.243632e-01
1.516667e+00 1.520833e+00 1.525000e+00 2.194301e-01
1.525000e+00 1.529167e+00 1.533333e+00 2.145798e-01
1.533333e+00 1.537500e+00 1.541667e+00 2.098117e-01
1.541667e+00 1.545833e+00 1.550000e+00 2.051252e-01
1.550000e+00 1.554167e+00 1.558333e+00 2.005199e-01
1.558333e+00 1.562500e+00 1.566667e+00 1.959950e-01
1.566667e+00 1.570833e+00 1.575000e+00 1.915499e-01
1.575000e+00 1.579167e+00 1.583333e+00 1.871839e-01
1.583333e+00 1.587500e+00 1.591667e+00 1.828963e-01
1.591667e+00 1.595833e+00 1.600000e+00 1.786865e-01
1.600000e+00 1.604167e+00 1.608333e+00 1.745536e-01
1.608333e+00 1.612500e+00 1.616667e+00 1.704970e-01
1.616667e+00 1.620833e+00 1.625000e+00 1.665158e-01
1.625000e+00 1.629167e+00 1.633333e+00 1.626093e-01
1.633333e+00 1.637500e+00 1.641667e+00 1.587767e-01
1.641667e+00 1.645833e+00 1.650000e+00 1.550171e-01
1.650000e+00 1.654167e+00 1.658333e+00 1.513298e-01
1.658333e+00 1.662500e+00 1.666667e+00 1.477139e-01
1.666667e+00 1.670833e+00 1.675000e+00 1.441686e-01
1.675000e+00 1.679167e+00 1.683333e+00 1.406931e-01
1.683333e+00 1.687500e+00 1.691667e+00 1.372863e-01
1.691667e+00 1.695833e+00 1.700000e+00 1.339476e-01
1.700000e+00 1.704167e+00 1.708333e+00 1.306760e-01
1.708333e+00 1.712500e+00 1.716667e+00 1.274707e-01
1.716667e+00 1.720833e+00 1.725000e+00 1.243306e-01
1.725000e+00 1.729167e+00 1.733333e+00 1.212551e-01
1.733333e+00 1.737500e+00 1.741667e+00 1.182431e-01
1.741667e+00 1.745833e+00 1.750000e+00 1.152938e-01
1.750000e+00 1.754167e+00 1.758333e+00 1.124063e-01
1.758333e+00 1.762500e+00 1.766667e+00 1.095797e-01
1.766667e+00 1.770833e+00 1.775000e+00 1.068130e-01
1.775000e+00 1.779167e+00 1.783333e+00 1.041054e-01
1.783333e+00 1.787500e+00 1.791667e+00 1.014560e-01
1.791667e+00 1.795833e+00 1.800000e+00 9.886391e-02
1.800000e+00 1.804167e+00 1.808333e+00 9.632817e-02
1.808333e+00 1.812500e+00 1.816667e+00 9.384793e-02
1.816667e+00 1.820833e+00 1.825000e+00 9.142228e-02
1.825000e+00 1.829167e+00 1.833333e+00 8.905035e-02
1.833333e+00 1.837500e+00 1.841667e+00 8.673124e-02
1.841667e+00 1.845833e+00 1.850000e+00 8.446408e-02
1.850000e+00 1.854167e+00 1.858333e+00 8.224798e-02
1.858333e+00 1.862500e+00 1.866667e+00 8.008208e-02
1.866667e+00 1.870833e+00 1.875000e+00 7.796551e-02
1.875000e+00 1.879167e+00 1.883333e+00 7.589740e-02
1.883333e+00 1.887500e+00 1.891667e+00 7.387691e-02
1.891667e+00 1.895833e+00 1.900000e+00 7.190319e-02
1.900000e+00 1.904167e+00 1.908333e+00 6.997538e-02
1.908333e+00 1.912500e+00 1.916667e+00 6.809266e-02
1.916667e+00 1.920833e+00 1.925000e+00 6.625420e-02
1.925000e+00 1.929167e+00 1.933333e+00 6.445918e-02
1.933333e+00 1.937500e+00 1.941667e+00 6.270678e-02
1.941667e+00 1.945833e+00 1.950000e+00 6.099620e-02
1.950000e+00 1.954167e+00 1.958333e+00 5.932664e-02
1.958333e+00 1.962500e+00 1.966667e+00 5.769732e-02
1.966667e+00 1.970833e+00 1.975000e+00 5.610744e-02
1.975000e+00 1.979167e+00 1.983333e+00 5.455624e-02
1.983333e+00 1.987500e+00 1.991667e+00 5.304296e-02
1.991667e+00 1.995833e+00 2.000000e+00 5.156684e-02
2.000000e+00 2.004167e+00 2.008333e+00 5.012714e-02
2.008333e+00 2.012500e+00 2.016667e+00 4.872312e-02
2.016667e+00 2.020833e+00 2.025000e+00 4.735405e-02
2.025000e+00 2.029167e+00 2.033333e+00 4.601921e-02
2.033333e+00 2.037500e+00 2.041667e+00 4.471790e-02
2.041667e+00 2.045833e+00 2.050000e+00 4.344941e-02
2.050000e+00 2.054167e+00 2.058333e+00 4.221307e-02
2.058333e+00 2.062500e+00 2.066667e+00 4.100818e-02
2.066667e+00 2.070833e+00 2.075000e+00 3.983409e-02
2.075000e+00 2.079167e+00 2.083333e+00 3.869012e-02
2.083333e+00 2.087500e+00 2.091667e+00 3.757563e-02
2.091667e+00 2.095833e+00 2.100000e+00 3.648997e-02
2.100000e+00 2.104167e+00 2.108333e+00 3.543253e-02
2.108333e+00 2.112500e+00 2.116667e+00 3.440266e-02
2.116667e+00 2.120833e+00 2.125000e+00 3.339978e-02
2.125000e+00 2.129167e+00 2.133333e+00 3.242326e-02
2.133333e+00 2.137500e+00 2.141667e+00 3.147252e-02
2.141667e+00 2.145833e+00 2.150000e+00 3.054699e-02
2.150000e+00 2.154167e+00 2.158333e+00 2.964607e-02
2.158333e+00 2.162500e+00 2.166667e+00 2.876922e-02
2.166667e+00 2.170833e+00 2.175000e+00 2.791588e-02
2.175000e+00 2.179167e+00 2.183333e+00 2.708551e-02
2.183333e+00 2.187500e+00 2.191667e+00 2.627756e-02
2.191667e+00 2.195833e+00 2.200000e+00 2.549152e-02
2.200000e+00 2.204167e+00 2.208333e+00 2.472688e-02
2.208333e+00 2.212500e+00 2.216667e+00 2.398311e-02
2.216667e+00 2.220833e+00 2.225000e+00 2.325974e-02
2.225000e+00 2.229167e+00 2.233333e+00 2.255627e-02
2.233333e+00 2.237500e+00 2.241667e+00 2.187222e-02
2.241667e+00 2.245833e+00 2.250000e+00 2.120712e-02
2.250000e+00 2.254167e+00 2.258333e+00 2.056052e-02
2.258333e+00 2.262500e+00 2.266667e+00 1.993196e-02
2.266667e+00 2.270833e+00 2.275000e+00 1.932099e-02
2.275000e+00 2.279167e+00 2.283333e+00 1.872719e-02
2.283333e+00 2.287500e+00 2.291667e+00 1.815013e-02
2.291667e+00 2.295833e+00 2.300000e+00 1.758939e-02
2.300000e+00 2.304167e+00 2.308333e+00 1.704457e-02
2.308333e+00 2.312500e+00 2.316667e+00 1.651526e-02
2.316667e+00 2.320833e+00 2.325000e+00 1.600107e-02
2.325000e+00 2.329167e+00 2.333333e+00 1.550162e-02
2.333333e+00 2.337500e+00 2.341667e+00 1.501653e-02
2.341667e+00 2.345833e+00 2.350000e+00 1.454543e-02
2.350000e+00 2.354167e+00 2.358333e+00 1.408797e-02
2.358333e+00 2.362500e+00 2.366667e+00 1.364379e-02
2.366667e+00 2.370833e+00 2.375000e+00 1.321254e-02
2.375000e+00 2.379167e+00 2.383333e+00 1.279390e-02
2.383333e+00 2.387500e+00 2.391667e+00 1.238752e-02
2.391667e+00 2.395833e+00 2.400000e+00 1.199309e-02
2.400000e+00 2.404167e+00 2.408333e+00 1.161029e-02
2.408333e+00 2.412500e+00 2.416667e+00 1.123882e-02
2.416667e+00 2.420833e+00 2.425000e+00 1.087836e-02
2.425000e+00 2.429167e+00 2.433333e+00 1.052863e-02
2.433333e+00 2.437500e+00 2.441667e+00 1.018934e-02
2.441667e+00 2.445833e+00 2.450000e+00 9.860205e-03
2.450000e+00 2.454167e+00 2.458333e+00 9.540951e-03
2.458333e+00 2.462500e+00 2.466667e+00 9.231310e-03
2.466667e+00 2.470833e+00 2.475000e+00 8.931019e-03
2.475000e+00 2.479167e+00 2.483333e+00 8.639822e-03
2.483333e+00 2.487500e+00 2.491667e+00 8.357470e-03
2.491667e+00 2.495833e+00 2.500000e+00 8.083717e-03
