0.000000e+00 2.666667e-03 5.333333e-03 4.562390e-03
5.333333e-03 8.000000e-03 1.066667e-02 1.899528e-02
1.066667e-02 1.333333e-02 1.600000e-02 3.680459e-02
1.600000e-02 1.866667e-02 2.133333e-02 5.681479e-02
2.133333e-02 2.400000e-02 2.666667e-02 7.847363e-02
2.666667e-02 2.933333e-02 3.200000e-02 1.014381e-01
3.200000e-02 3.466667e-02 3.733333e-02 1.254659e-01
3.733333e-02 4.000000e-02 4.266667e-02 1.503719e-01
4.266667e-02 4.533333e-02 4.800000e-02 1.760077e-01
4.800000e-02 5.066667e-02 5.333333e-02 2.022498e-01
5.333333e-02 5.600000e-02 5.866667e-02 2.289929e-01
5.866667e-02 6.133333e-02 6.400000e-02 2.561451e-01
6.400000e-02 6.666667e-02 6.933333e-02 2.836252e-01
6.933333e-02 7.200000e-02 7.466667e-02 3.113606e-01
7.466667e-02 7.733333e-02 8.000000e-02 3.392855e-01
8.000000e-02 8.266667e-02 8.533333e-02 3.673402e-01
8.533333e-02 8.800000e-02 9.066667e-02 3.954698e-01
9.066667e-02 9.333333e-02 9.600000e-02 4.236241e-01
9.600000e-02 9.866667e-02 1.013333e-01 4.517562e-01
1.013333e-01 1.040000e-01 1.066667e-01 4.798229e-01
1.066667e-01 1.093333e-01 1.120000e-01 5.077840e-01
1.120000e-01 1.146667e-01 1.173333e-01 5.356020e-01
1.173333e-01 1.200000e-01 1.226667e-01 5.632419e-01
1.226667e-01 1.253333e-01 1.280000e-01 5.906710e-01
1.280000e-01 1.306667e-01 1.333333e-01 6.178587e-01
1.333333e-01 1.360000e-01 1.386667e-01 6.447765e-01
1.386667e-01 1.413333e-01 1.440000e-01 6.713976e-01
1.440000e-01 1.466667e-01 1.493333e-01 6.976969e-01
1.493333e-01 1.520000e-01 1.546667e-01 7.236511e-01
1.546667e-01 1.573333e-01 1.600000e-01 7.492383e-01
1.600000e-01 1.626667e-01 1.653333e-01 7.744381e-01
1.653333e-01 1.680000e-01 1.706667e-01 7.992315e-01
1.706667e-01 1.733333e-01 1.760000e-01 8.236007e-01
1.760000e-01 1.786667e-01 1.813333e-01 8.475293e-01
1.813333e-01 1.840000e-01 1.866667e-01 8.710021e-01
1.866667e-01 1.893333e-01 1.920000e-01 8.940048e-01
1.920000e-01 1.946667e-01 1.973333e-01 9.165246e-01
1.973333e-01 2.000000e-01 2.026667e-01 9.385494e-01
2.026667e-01 2.053333e-01 2.080000e-01 9.600682e-01
2.080000e-01 2.106667e-01 2.133333e-01 9.810712e-01
2.133333e-01 2.160000e-01 2.186667e-01 1.001549e+00
2.186667e-01 2.213333e-01 2.240000e-01 1.021494e+00
2.240000e-01 2.266667e-01 2.293333e-01 1.040898e+00
2.293333e-01 2.320000e-01 2.346667e-01 1.059756e+00
2.346667e-01 2.373333e-01 2.400000e-01 1.078060e+00
2.400000e-01 2.426667e-01 2.453333e-01 1.095808e+00
2.453333e-01 2.480000e-01 2.506667e-01 1.112993e+00
2.506667e-01 2.533333e-01 2.560000e-01 1.129613e+00
2.560000e-01 2.586667e-01 2.613333e-01 1.145666e+00
2.613333e-01 2.640000e-01 2.666667e-01 1.161148e+00
2.666667e-01 2.693333e-01 2.720000e-01 1.176058e+00
2.720000e-01 2.746667e-01 2.773333e-01 1.190396e+00
2.773333e-01 2.800000e-01 2.826667e-01 1.204161e+00
2.826667e-01 2.853333e-01 2.880000e-01 1.217354e+00
2.880000e-01 2.906667e-01 2.933333e-01 1.229974e+00
2.933333e-01 2.960000e-01 2.986667e-01 1.242024e+00
2.986667e-01 3.013333e-01 3.040000e-01 1.253505e+00
3.040000e-01 3.066667e-01 3.093333e-01 1.264420e+00
3.093333e-01 3.120000e-01 3.146667e-01 1.274771e+00
3.146667e-01 3.173333e-01 3.200000e-01 1.284561e+00
3.200000e-01 3.226667e-01 3.253333e-01 1.293794e+00
3.253333e-01 3.280000e-01 3.306667e-01 1.302473e+00
3.306667e-01 3.333333e-01 3.360000e-01 1.310604e+00
3.360000e-01 3.386667e-01 3.413333e-01 1.318190e+00
3.413333e-01 3.440000e-01 3.466667e-01 1.325238e+00
3.466667e-01 3.493333e-01 3.520000e-01 1.331751e+00
3.520000e-01 3.546667e-01 3.573333e-01 1.337736e+00
3.573333e-01 3.600000e-01 3.626667e-01 1.343199e+00
3.626667e-01 3.653333e-01 3.680000e-01 1.348145e+00
3.680000e-01 3.706667e-01 3.733333e-01 1.352582e+00
3.733333e-01 3.760000e-01 3.786667e-01 1.356516e+00
3.786667e-01 3.813333e-01 3.840000e-01 1.359954e+00
3.840000e-01 3.866667e-01 3.893333e-01 1.362903e+00
3.893333e-01 3.920000e-01 3.946667e-01 1.365370e+00
3.946667e-01 3.973333e-01 4.000000e-01 1.367364e+00
4.000000e-01 4.026667e-01 4.053333e-01 1.368891e+00
4.053333e-01 4.080000e-01 4.106667e-01 1.369959e+00
4.106667e-01 4.133333e-01 4.160000e-01 1.370577e+00
4.160000e-01 4.186667e-01 4.213333e-01 1.370753e+00
4.213333e-01 4.240000e-01 4.266667e-01 1.370495e+00
4.266667e-01 4.293333e-01 4.320000e-01 1.369811e+00
4.320000e-01 4.346667e-01 4.373333e-01 1.368710e+00
4.373333e-01 4.400000e-01 4.426667e-01 1.367200e+00
4.426667e-01 4.453333e-01 4.480000e-01 1.365291e+00
4.480000e-01 4.506667e-01 4.533333e-01 1.362990e+00
4.533333e-01 4.560000e-01 4.586667e-01 1.360307e+00
4.586667e-01 4.613333e-01 4.640000e-01 1.357250e+00
4.640000e-01 4.666667e-01 4.693333e-01 1.353829e+00
4.693333e-01 4.720000e-01 4.746667e-01 1.350052e+00
4.746667e-01 4.773333e-01 4.800000e-01 1.345928e+00
4.800000e-01 4.826667e-01 4.853333e-01 1.341466e+00
4.853333e-01 4.880000e-01 4.906667e-01 1.336675e+00
4.906667e-01 4.933333e-01 4.960000e-01 1.331563e+00
4.960000e-01 4.986667e-01 5.013333e-01 1.326141e+00
5.013333e-01 5.040000e-01 5.066667e-01 1.320417e+00
5.066667e-01 5.093333e-01 5.120000e-01 1.314399e+00
5.120000e-01 5.146667e-01 5.173333e-01 1.308097e+00
5.173333e-01 5.200000e-01 5.226667e-01 1.301519e+00
5.226667e-01 5.253333e-01 5.280000e-01 1.294675e+00
5.280000e-01 5.306667e-01 5.333333e-01 1.287573e+00
5.333333e-01 5.360000e-01 5.386667e-01 1.280221e+00
5.386667e-01 5.413333e-01 5.440000e-01 1.272628e+00
5.440000e-01 5.466667e-01 5.493333e-01 1.264803e+00
5.493333e-01 5.520000e-01 5.546667e-01 1.256755e+00
5.546667e-01 5.573333e-01 5.600000e-01 1.248492e+00
5.600000e-01 5.626667e-01 5.653333e-01 1.240021e+00
5.653333e-01 5.680000e-01 5.706667e-01 1.231352e+00
5.706667e-01 5.733333e-01 5.760000e-01 1.222492e+00
5.760000e-01 5.786667e-01 5.813333e-01 1.213450e+00
5.813333e-01 5.840000e-01 5.866667e-01 1.204234e+00
5.866667e-01 5.893333e-01 5.920000e-01 1.194851e+00
5.920000e-01 5.946667e-01 5.973333e-01 1.185310e+00
5.973333e-01 6.000000e-01 6.026667e-01 1.175617e+00
6.026667e-01 6.053333e-01 6.080000e-01 1.165781e+00
6.080000e-01 6.106667e-01 6.133333e-01 1.155809e+00
6.133333e-01 6.160000e-01 6.186667e-01 1.145709e+00
6.186667e-01 6.213333e-01 6.240000e-01 1.135487e+00
6.240000e-01 6.266667e-01 6.293333e-01 1.125151e+00
6.293333e-01 6.320000e-01 6.346667e-01 1.114708e+00
6.346667e-01 6.373333e-01 6.400000e-01 1.104164e+00
6.400000e-01 6.426667e-01 6.453333e-01 1.093527e+00
6.453333e-01 6.480000e-01 6.506667e-01 1.082803e+00
6.506667e-01 6.533333e-01 6.560000e-01 1.071999e+00
6.560000e-01 6.586667e-01 6.613333e-01 1.061121e+00
6.613333e-01 6.640000e-01 6.666667e-01 1.050175e+00
6.666667e-01 6.693333e-01 6.720000e-01 1.039168e+00
6.720000e-01 6.746667e-01 6.773333e-01 1.028105e+00
6.773333e-01 6.800000e-01 6.826667e-01 1.016993e+00
6.826667e-01 6.853333e-01 6.880000e-01 1.005837e+00
6.880000e-01 6.906667e-01 6.933333e-01 9.946432e-01
6.933333e-01 6.960000e-01 6.986667e-01 9.834167e-01
6.986667e-01 7.013333e-01 7.040000e-01 9.721629e-01
7.040000e-01 7.066667e-01 7.093333e-01 9.608872e-01
7.093333e-01 7.120000e-01 7.146667e-01 9.495947e-01
7.146667e-01 7.173333e-01 7.200000e-01 9.382904e-01
7.200000e-01 7.226667e-01 7.253333e-01 9.269792e-01
7.253333e-01 7.280000e-01 7.306667e-01 9.156659e-01
7.306667e-01 7.333333e-01 7.360000e-01 9.043551e-01
7.360000e-01 7.386667e-01 7.413333e-01 8.930512e-01
7.413333e-01 7.440000e-01 7.466667e-01 8.817588e-01
7.466667e-01 7.493333e-01 7.520000e-01 8.704819e-01
7.520000e-01 7.546667e-01 7.573333e-01 8.592248e-01
7.573333e-01 7.600000e-01 7.626667e-01 8.479915e-01
7.626667e-01 7.653333e-01 7.680000e-01 8.367858e-01
7.680000e-01 7.706667e-01 7.733333e-01 8.256115e-01
7.733333e-01 7.760000e-01 7.786667e-01 8.144723e-01
7.786667e-01 7.813333e-01 7.840000e-01 8.033717e-01
7.840000e-01 7.866667e-01 7.893333e-01 7.923131e-01
7.893333e-01 7.920000e-01 7.946667e-01 7.812998e-01
7.946667e-01 7.973333e-01 8.000000e-01 7.703349e-01
8.000000e-01 8.026667e-01 8.053333e-01 7.594216e-01
8.053333e-01 8.080000e-01 8.106667e-01 7.485628e-01
8.106667e-01 8.133333e-01 8.160000e-01 7.377614e-01
8.160000e-01 8.186667e-01 8.213333e-01 7.270200e-01
8.213333e-01 8.240000e-01 8.266667e-01 7.163414e-01
8.266667e-01 8.293333e-01 8.320000e-01 7.057280e-01
8.320000e-01 8.346667e-01 8.373333e-01 6.951823e-01
8.373333e-01 8.400000e-01 8.426667e-01 6.847066e-01
8.426667e-01 8.453333e-01 8.480000e-01 6.743030e-01
8.480000e-01 8.506667e-01 8.533333e-01 6.639738e-01
8.533333e-01 8.560000e-01 8.586667e-01 6.537210e-01
8.586667e-01 8.613333e-01 8.640000e-01 6.435464e-01
8.640000e-01 8.666667e-01 8.693333e-01 6.334520e-01
8.693333e-01 8.720000e-01 8.746667e-01 6.234394e-01
8.746667e-01 8.773333e-01 8.800000e-01 6.135102e-01
8.800000e-01 8.826667e-01 8.853333e-01 6.036662e-01
8.853333e-01 8.880000e-01 8.906667e-01 5.939087e-01
8.906667e-01 8.933333e-01 8.960000e-01 5.842391e-01
8.960000e-01 8.986667e-01 9.013333e-01 5.746587e-01
9.013333e-01 9.040000e-01 9.066667e-01 5.651688e-01
9.066667e-01 9.093333e-01 9.120000e-01 5.557705e-01
9.120000e-01 9.146667e-01 9.173333e-01 5.464648e-01
9.173333e-01 9.200000e-01 9.226667e-01 5.372528e-01
9.226667e-01 9.253333e-01 9.280000e-01 5.281353e-01
9.280000e-01 9.306667e-01 9.333333e-01 5.191133e-01
9.333333e-01 9.360000e-01 9.386667e-01 5.101874e-01
9.386667e-01 9.413333e-01 9.440000e-01 5.013584e-01
9.440000e-01 9.466667e-01 9.493333e-01 4.926269e-01
9.493333e-01 9.520000e-01 9.546667e-01 4.839935e-01
9.546667e-01 9.573333e-01 9.600000e-01 4.754587e-01
9.600000e-01 9.626667e-01 9.653333e-01 4.670229e-01
9.653333e-01 9.680000e-01 9.706667e-01 4.586865e-01
9.706667e-01 9.733333e-01 9.760000e-01 4.504498e-01
9.760000e-01 9.786667e-01 9.813333e-01 4.423131e-01
9.813333e-01 9.840000e-01 9.866667e-01 4.342765e-01
9.866667e-01 9.893333e-01 9.920000e-01 4.263404e-01
9.920000e-01 9.946667e-01 9.973333e-01 4.185046e-01
9.973333e-01 1.000000e+00 1.002667e+00 4.107694e-01
1.002667e+00 1.005333e+00 1.008000e+00 4.031347e-01
1.008000e+00 1.010667e+00 1.013333e+00 3.956004e-01
1.013333e+00 1.016000e+00 1.018667e+00 3.881664e-01
1.018667e+00 1.021333e+00 1.024000e+00 3.808327e-01
1.024000e+00 1.026667e+00 1.029333e+00 3.735990e-01
1.029333e+00 1.032000e+00 1.034667e+00 3.664652e-01
1.034667e+00 1.037333e+00 1.040000e+00 3.594308e-01
1.040000e+00 1.042667e+00 1.045333e+00 3.524957e-01
1.045333e+00 1.048000e+00 1.050667e+00 3.456596e-01
1.050667e+00 1.053333e+00 1.056000e+00 3.389219e-01
1.056000e+00 1.058667e+00 1.061333e+00 3.322824e-01
1.061333e+00 1.064000e+00 1.066667e+00 3.257405e-01
1.066667e+00 1.069333e+00 1.072000e+00 3.192958e-01
1.072000e+00 1.074667e+00 1.077333e+00 3.129479e-01
1.077333e+00 1.080000e+00 1.082667e+00 3.066960e-01
1.082667e+00 1.085333e+00 1.088000e+00 3.005398e-01
1.088000e+00 1.090667e+00 1.093333e+00 2.944786e-01
1.093333e+00 1.096000e+00 1.098667e+00 2.885117e-01
1.098667e+00 1.101333e+00 1.104000e+00 2.826386e-01
1.104000e+00 1.106667e+00 1.109333e+00 2.768586e-01
1.109333e+00 1.112000e+00 1.114667e+00 2.711709e-01
1.114667e+00 1.117333e+00 1.120000e+00 2.655749e-01
1.120000e+00 1.122667e+00 1.125333e+00 2.600699e-01
1.125333e+00 1.128000e+00 1.130667e+00 2.546551e-01
1.130667e+00 1.133333e+00 1.136000e+00 2.493297e-01
1.136000e+00 1.138667e+00 1.141333e+00 2.440930e-01
1.141333e+00 1.144000e+00 1.146667e+00 2.389442e-01
1.146667e+00 1.149333e+00 1.152000e+00 2.338824e-01
1.152000e+00 1.154667e+00 1.157333e+00 2.289068e-01
1.157333e+00 1.160000e+00 1.162667e+00 2.240166e-01
1.162667e+00 1.165333e+00 1.168000e+00 2.192109e-01
1.168000e+00 1.170667e+00 1.173333e+00 2.144889e-01
1.173333e+00 1.176000e+00 1.178667e+00 2.098497e-01
1.178667e+00 1.181333e+00 1.184000e+00 2.052924e-01
1.184000e+00 1.186667e+00 1.189333e+00 2.008161e-01
1.189333e+00 1.192000e+00 1.194667e+00 1.964199e-01
1.194667e+00 1.197333e+00 1.200000e+00 1.921029e-01
1.200000e+00 1.202667e+00 1.205333e+00 1.878642e-01
1.205333e+00 1.208000e+00 1.210667e+00 1.837029e-01
1.210667e+00 1.213333e+00 1.216000e+00 1.796181e-01
1.216000e+00 1.218667e+00 1.221333e+00 1.756087e-01
1.221333e+00 1.224000e+00 1.226667e+00 1.716740e-01
1.226667e+00 1.229333e+00 1.232000e+00 1.678129e-01
1.232000e+00 1.234667e+00 1.237333e+00 1.640245e-01
1.237333e+00 1.240000e+00 1.242667e+00 1.603078e-01
1.242667e+00 1.245333e+00 1.248000e+00 1.566620e-01
1.248000e+00 1.250667e+00 1.253333e+00 1.530861e-01
1.253333e+00 1.256000e+00 1.258667e+00 1.495792e-01
1.258667e+00 1.261333e+00 1.264000e+00 1.461402e-01
1.264000e+00 1.266667e+00 1.269333e+00 1.427683e-01
1.269333e+00 1.272000e+00 1.274667e+00 1.394624e-01
1.274667e+00 1.277333e+00 1.280000e+00 1.362218e-01
1.280000e+00 1.282667e+00 1.285333e+00 1.330454e-01
1.285333e+00 1.288000e+00 1.290667e+00 1.299323e-01
1.290667e+00 1.293333e+00 1.296000e+00 1.268816e-01
1.296000e+00 1.298667e+00 1.301333e+00 1.238923e-01
1.301333e+00 1.304000e+00 1.306667e+00 1.209635e-01
1.306667e+00 1.309333e+00 1.312000e+00 1.180943e-01
1.312000e+00 1.314667e+00 1.317333e+00 1.152838e-01
1.317333e+00 1.320000e+00 1.322667e+00 1.125311e-01
1.322667e+00 1.325333e+00 1.328000e+00 1.098352e-01
1.328000e+00 1.330667e+00 1.333333e+00 1.071953e-01
1.333333e+00 1.336000e+00 1.338667e+00 1.046105e-01
1.338667e+00 1.341333e+00 1.344000e+00 1.020798e-01
1.344000e+00 1.346667e+00 1.349333e+00 9.960243e-02
1.349333e+00 1.352000e+00 1.354667e+00 9.717746e-02
1.354667e+00 1.357333e+00 1.360000e+00 9.480405e-02
1.360000e+00 1.362667e+00 1.365333e+00 9.248131e-02
1.365333e+00 1.368000e+00 1.370667e+00 9.020841e-02
1.370667e+00 1.373333e+00 1.376000e+00 8.798448e-02
1.376000e+00 1.378667e+00 1.381333e+00 8.580869e-02
1.381333e+00 1.384000e+00 1.386667e+00 8.368020e-02
1.386667e+00 1.389333e+00 1.392000e+00 8.159819e-02
1.392000e+00 1.394667e+00 1.397333e+00 7.956185e-02
1.397333e+00 1.400000e+00 1.402667e+00 7.757035e-02
1.402667e+00 1.405333e+00 1.408000e+00 7.562291e-02
1.408000e+00 1.410667e+00 1.413333e+00 7.371872e-02
1.413333e+00 1.416000e+00 1.418667e+00 7.185702e-02
1.418667e+00 1.421333e+00 1.424000e+00 7.003701e-02
1.424000e+00 1.426667e+00 1.429333e+00 6.825793e-02
1.429333e+00 1.432000e+00 1.434667e+00 6.651903e-02
1.434667e+00 1.437333e+00 1.440000e+00 6.481955e-02
1.440000e+00 1.442667e+00 1.445333e+00 6.315877e-02
1.445333e+00 1.448000e+00 1.450667e+00 6.153593e-02
1.450667e+00 1.453333e+00 1.456000e+00 5.995033e-02
1.456000e+00 1.458667e+00 1.461333e+00 5.840126e-02
1.461333e+00 1.464000e+00 1.466667e+00 5.688800e-02
1.466667e+00 1.469333e+00 1.472000e+00 5.540986e-02
1.472000e+00 1.474667e+00 1.477333e+00 5.396616e-02
1.477333e+00 1.480000e+00 1.482667e+00 5.255622e-02
1.482667e+00 1.485333e+00 1.488000e+00 5.117938e-02
1.488000e+00 1.490667e+00 1.493333e+00 4.983498e-02
1.493333e+00 1.496000e+00 1.498667e+00 4.852237e-02
1.498667e+00 1.501333e+00 1.504000e+00 4.724090e-02
1.504000e+00 1.506667e+00 1.509333e+00 4.598997e-02
1.509333e+00 1.512000e+00 1.514667e+00 4.476893e-02
1.514667e+00 1.517333e+00 1.520000e+00 4.357718e-02
1.520000e+00 1.522667e+00 1.525333e+00 4.241412e-02
1.525333e+00 1.528000e+00 1.530667e+00 4.127916e-02
1.530667e+00 1.533333e+00 1.536000e+00 4.017171e-02
1.536000e+00 1.538667e+00 1.541333e+00 3.909119e-02
1.541333e+00 1.544000e+00 1.546667e+00 3.803705e-02
1.546667e+00 1.549333e+00 1.552000e+00 3.700873e-02
1.552000e+00 1.554667e+00 1.557333e+00 3.600567e-02
1.557333e+00 1.560000e+00 1.562667e+00 3.502734e-02
1.562667e+00 1.565333e+00 1.568000e+00 3.407321e-02
1.568000e+00 1.570667e+00 1.573333e+00 3.314276e-02
1.573333e+00 1.576000e+00 1.578667e+00 3.223547e-02
1.578667e+00 1.581333e+00 1.584000e+00 3.135085e-02
1.584000e+00 1.586667e+00 1.589333e+00 3.048840e-02
1.589333e+00 1.592000e+00 1.594667e+00 2.964762e-02
1.594667e+00 1.597333e+00 1.600000e+00 2.882805e-02
