0.100000 0.103235 0.106333 1041220
0.106333 0.109417 0.112667 1047958
0.112667 0.115795 0.119000 986301
0.119000 0.122237 0.125333 1102133
0.125333 0.128528 0.131667 1267990
0.131667 0.134789 0.138000 1179112
0.138000 0.141256 0.144333 1271960
0.144333 0.147449 0.150667 1283272
0.150667 0.153887 0.157000 1271599
0.157000 0.160169 0.163333 1290430
0.163333 0.166577 0.169667 1373386
0.169667 0.172813 0.176000 1553989
0.176000 0.179207 0.182333 1444453
0.182333 0.185583 0.188667 1625845
0.188667 0.191748 0.195000 1560907
0.195000 0.198269 0.201333 1575302
0.201333 0.204481 0.207667 1713033
0.207667 0.210839 0.214000 1679768
0.214000 0.217170 0.220333 1742438
0.220333 0.223512 0.226667 1697718
0.226667 0.229898 0.233000 1918242
0.233000 0.236096 0.239333 1805863
0.239333 0.242530 0.245667 1761621
0.245667 0.248846 0.252000 1891596
0.252000 0.255177 0.258333 1847764
0.258333 0.261577 0.264667 2043100
0.264667 0.267800 0.271000 1977471
0.271000 0.274226 0.277333 2087024
0.277333 0.280448 0.283667 2003660
0.283667 0.286885 0.290000 2098521
0.290000 0.293144 0.296333 2116120
0.296333 0.299509 0.302667 2115224
0.302667 0.305863 0.309000 2166983
0.309000 0.312195 0.315333 2136002
0.315333 0.318507 0.321667 2201963
0.321667 0.324852 0.328000 2232875
0.328000 0.331188 0.334333 2264700
0.334333 0.337510 0.340667 2321839
0.340667 0.343812 0.347000 2203037
0.347000 0.350183 0.353333 2193839
0.353333 0.356502 0.359667 2247535
0.359667 0.362812 0.366000 2264673
0.366000 0.369200 0.372333 2278074
0.372333 0.375500 0.378667 2328102
0.378667 0.381826 0.385000 2293934
0.385000 0.388172 0.391333 2285609
0.391333 0.394516 0.397667 2347775
0.397667 0.400825 0.404000 2372505
0.404000 0.407184 0.410333 2356278
0.410333 0.413499 0.416667 2393589
0.416667 0.419797 0.423000 2435832
0.423000 0.426188 0.429333 2371712
0.429333 0.432501 0.435667 2407429
0.435667 0.438829 0.442000 2455871
0.442000 0.445167 0.448333 2430255
0.448333 0.451519 0.454667 2488502
0.454667 0.457855 0.461000 2472537
0.461000 0.464181 0.467333 2502983
0.467333 0.470481 0.473667 2483649
0.473667 0.476845 0.480000 2494135
0.480000 0.483174 0.486333 2518326
0.486333 0.489499 0.492667 2502350
0.492667 0.495786 0.499000 2538681
0.499000 0.502186 0.505333 2529098
0.505333 0.508514 0.511667 2477278
0.511667 0.514845 0.518000 2535407
0.518000 0.521144 0.524333 2556839
0.524333 0.527508 0.530667 2486979
0.530667 0.533886 0.537000 2537062
0.537000 0.540129 0.543333 2539149
0.543333 0.546481 0.549667 2469614
0.549667 0.552847 0.556000 2495451
0.556000 0.559187 0.562333 2519139
0.562333 0.565488 0.568667 2535616
0.568667 0.571798 0.575000 2518510
0.575000 0.578174 0.581333 2482477
0.581333 0.584490 0.587667 2499159
0.587667 0.590856 0.594000 2482032
0.594000 0.597133 0.600333 2540095
0.600333 0.603472 0.606667 2547781
0.606667 0.609832 0.613000 2501955
0.613000 0.616164 0.619333 2518288
0.619333 0.622496 0.625667 2497254
0.625667 0.628873 0.632000 2458243
0.632000 0.635138 0.638333 2463711
0.638333 0.641547 0.644667 2479597
0.644667 0.647801 0.651000 2459804
0.651000 0.654163 0.657333 2485351
0.657333 0.660409 0.663667 2443914
0.663667 0.666819 0.670000 2431975
0.670000 0.673188 0.676333 2480380
0.676333 0.679490 0.682667 2469409
0.682667 0.685766 0.689000 2479809
0.689000 0.692124 0.695333 2395273
0.695333 0.698465 0.701667 2371224
0.701667 0.704839 0.708000 2419905
0.708000 0.711228 0.714333 2402687
0.714333 0.717383 0.720667 2330743
0.720667 0.723888 0.727000 2380045
0.727000 0.730125 0.733333 2358731
0.733333 0.736472 0.739667 2289044
0.739667 0.742961 0.746000 2297167
0.746000 0.749134 0.752333 2309259
0.752333 0.755494 0.758667 2262744
0.758667 0.761891 0.765000 2275127
0.765000 0.768031 0.771333 2262581
0.771333 0.774534 0.777667 2247806
0.777667 0.780787 0.784000 2220799
0.784000 0.787151 0.790333 2214839
0.790333 0.793539 0.796667 2182953
0.796667 0.799790 0.803000 2142942
0.803000 0.806223 0.809333 2152114
0.809333 0.812508 0.815667 2134370
0.815667 0.818826 0.822000 2113601
0.822000 0.825218 0.828333 2068125
0.828333 0.831448 0.834667 2047612
0.834667 0.837893 0.841000 2068129
0.841000 0.844195 0.847333 2019724
0.847333 0.850395 0.853667 2021304
0.853667 0.856955 0.860000 1993156
0.860000 0.863148 0.866333 1991003
0.866333 0.869457 0.872667 1900944
0.872667 0.875908 0.879000 1876505
0.879000 0.882044 0.885333 1831887
0.885333 0.888502 0.891667 1852934
0.891667 0.894844 0.898000 2024716
0.898000 0.901053 0.904333 1846722
0.904333 0.907533 0.910667 1846900
0.910667 0.913808 0.917000 1840682
0.917000 0.920128 0.923333 1810873
0.923333 0.926629 0.929667 1744235
0.929667 0.932656 0.936000 1804740
0.936000 0.939245 0.942333 1735122
0.942333 0.945312 0.948667 1684219
0.948667 0.951813 0.955000 1601931
0.955000 0.958186 0.961333 1618976
0.961333 0.964480 0.967667 1600623
0.967667 0.970807 0.974000 1580923
0.974000 0.977242 0.980333 1542899
0.980333 0.983394 0.986667 1601979
0.986667 0.989931 0.993000 1554992
0.993000 0.996162 0.999333 1513291
0.999333 1.002306 1.005667 1452921
1.005667 1.009092 1.012000 1471027
1.012000 1.015086 1.018333 1417471
1.018333 1.021488 1.024667 1367871
1.024667 1.027819 1.031000 1289746
1.031000 1.034146 1.037333 1274354
1.037333 1.040537 1.043667 1304790
1.043667 1.046822 1.050000 1265384
1.050000 1.053034 1.056333 1188757
1.056333 1.059716 1.062667 1200602
1.062667 1.065663 1.069000 1252021
1.069000 1.072182 1.075333 1166704
1.075333 1.078503 1.081667 1094753
1.081667 1.085177 1.088000 1058692
1.088000 1.091177 1.094333 1111142
1.094333 1.097470 1.100667 1039643
1.100667 1.103741 1.107000 958635
1.107000 1.110275 1.113333 923509
1.113333 1.116428 1.119667 999612
1.119667 1.122849 1.126000 949685
1.126000 1.129153 1.132333 850639
1.132333 1.135344 1.138667 828150
1.138667 1.141956 1.145000 929978
1.145000 1.148168 1.151333 865215
1.151333 1.154465 1.157667 746480
1.157667 1.160932 1.164000 711172
1.164000 1.167174 1.170333 798096
1.170333 1.173451 1.176667 760718
1.176667 1.179797 1.183000 681314
1.183000 1.186097 1.189333 663825
1.189333 1.192723 1.195667 702495
1.195667 1.198707 1.202000 693153
1.202000 1.204965 1.208333 621987
1.208333 1.211329 1.214667 593969
1.214667 1.218053 1.221000 623875
1.221000 1.224120 1.227333 620128
1.227333 1.230478 1.233667 536823
1.233667 1.236744 1.240000 513910
1.240000 1.243239 1.246333 531790
1.246333 1.249426 1.252667 582759
1.252667 1.255903 1.259000 497386
1.259000 1.262254 1.265333 479988
1.265333 1.268352 1.271667 480494
1.271667 1.274735 1.278000 501830
1.278000 1.281129 1.284333 458591
1.284333 1.287492 1.290667 423283
1.290667 1.293923 1.297000 413346
1.297000 1.300171 1.303333 434018
1.303333 1.306378 1.309667 406079
1.309667 1.312783 1.316000 374260
1.316000 1.319165 1.322333 368720
1.322333 1.325678 1.328667 370656
1.328667 1.331771 1.335000 370017
1.335000 1.338018 1.341333 356616
1.341333 1.344313 1.347667 343302
1.347667 1.351029 1.354000 324882
1.354000 1.357258 1.360333 323857
1.360333 1.363514 1.366667 313819
1.366667 1.369645 1.373000 300834
1.373000 1.376106 1.379333 291710
1.379333 1.382532 1.385667 288230
1.385667 1.388959 1.392000 288075
1.392000 1.395260 1.398333 275463
1.398333 1.401338 1.404667 263708
1.404667 1.407666 1.411000 260179
1.411000 1.414233 1.417333 251996
1.417333 1.420494 1.423667 245197
1.423667 1.426986 1.430000 238392
1.430000 1.433067 1.436333 228537
1.436333 1.439392 1.442667 225815
1.442667 1.445732 1.449000 224936
1.449000 1.452252 1.455333 216107
1.455333 1.458636 1.461667 207655
1.461667 1.464842 1.468000 202018
1.468000 1.470894 1.474333 201545
1.474333 1.477419 1.480667 189226
1.480667 1.483872 1.487000 180400
1.487000 1.490246 1.493333 173322
1.493333 1.496567 1.499667 170727
1.499667 1.502673 1.506000 168338
1.506000 1.509047 1.512333 163692
1.512333 1.515514 1.518667 158246
1.518667 1.521933 1.525000 152608
1.525000 1.528273 1.531333 146729
1.531333 1.534430 1.537667 139474
1.537667 1.540703 1.544000 136427
1.544000 1.547120 1.550333 133228
1.550333 1.553540 1.556667 128255
1.556667 1.559977 1.563000 123355
1.563000 1.566131 1.569333 117339
1.569333 1.572357 1.575667 115870
1.575667 1.578637 1.582000 112568
1.582000 1.585331 1.588333 107106
1.588333 1.591613 1.594667 100075
1.594667 1.597853 1.601000 97079
1.601000 1.604005 1.607333 94316
1.607333 1.610382 1.613667 92488
1.613667 1.616892 1.620000 89275
1.620000 1.623264 1.626333 85253
1.626333 1.629594 1.632667 82762
1.632667 1.635674 1.639000 80725
1.639000 1.642009 1.645333 78802
1.645333 1.648469 1.651667 72863
1.651667 1.654892 1.658000 71868
1.658000 1.661311 1.664333 69661
1.664333 1.667445 1.670667 68183
1.670667 1.673675 1.677000 66848
1.677000 1.680044 1.683333 65551
1.683333 1.686611 1.689667 61606
1.689667 1.693007 1.696000 59591
1.696000 1.699128 1.702333 57777
1.702333 1.705321 1.708667 55585
1.708667 1.711674 1.715000 54237
1.715000 1.718271 1.721333 52403
1.721333 1.724615 1.727667 50164
1.727667 1.730893 1.734000 48785
1.734000 1.736961 1.740333 47414
1.740333 1.743401 1.746667 46014
1.746667 1.749841 1.753000 45291
1.753000 1.756283 1.759333 43272
1.759333 1.762633 1.765667 40895
1.765667 1.768686 1.772000 39662
1.772000 1.775024 1.778333 37918
1.778333 1.781470 1.784667 37033
1.784667 1.787838 1.791000 36357
1.791000 1.794345 1.797333 34766
1.797333 1.800386 1.803667 33603
1.803667 1.806713 1.810000 32635
1.810000 1.813016 1.816333 31886
1.816333 1.819650 1.822667 30736
1.822667 1.825993 1.829000 28835
1.829000 1.832150 1.835333 28072
1.835333 1.838333 1.841667 26930
1.841667 1.844737 1.848000 25931
1.848000 1.851232 1.854333 25273
1.854333 1.857619 1.860667 24794
1.860667 1.863931 1.867000 24150
1.867000 1.870025 1.873333 24122
1.873333 1.876316 1.879667 23177
1.879667 1.882814 1.886000 22189
1.886000 1.889319 1.892333 21859
1.892333 1.895639 1.898667 20447
1.898667 1.901759 1.905000 20035
1.905000 1.907993 1.911333 19366
1.911333 1.914433 1.917667 19140
1.917667 1.920912 1.924000 18745
1.924000 1.927414 1.930333 18082
1.930333 1.933498 1.936667 17304
1.936667 1.939580 1.943000 17009
1.943000 1.946051 1.949333 16620
1.949333 1.952682 1.955667 16121
1.955667 1.958900 1.962000 15774
1.962000 1.965218 1.968333 15351
1.968333 1.971378 1.974667 15115
1.974667 1.977742 1.981000 14677
1.981000 1.984071 1.987333 14023
1.987333 1.990771 1.993667 13958
1.993667 1.996866 2.000000 13942
