0.000000000000000000e+00 0.000000000000000000e+00 0.000000000000000000e+00
1.000000000000000021e-02 0.000000000000000000e+00 0.000000000000000000e+00
2.999999999999999889e-02 0.000000000000000000e+00 0.000000000000000000e+00
5.000000000000000278e-02 0.000000000000000000e+00 0.000000000000000000e+00
7.000000000000000666e-02 0.000000000000000000e+00 0.000000000000000000e+00
8.999999999999999667e-02 0.000000000000000000e+00 0.000000000000000000e+00
1.100000000000000006e-01 5.341881001779494875e-01 7.076045454545454413e+04
1.300000000000000044e-01 6.380945537609624685e-01 8.452427272727272066e+04
1.500000000000000222e-01 6.411959214030124032e-01 8.493509090909091174e+04
1.699999999999999845e-01 7.220613889611214864e-01 9.564681818181817653e+04
1.900000000000000022e-01 7.515178617569663322e-01 9.954872727272727934e+04
2.100000000000000200e-01 7.808789395312920600e-01 1.034380000000000000e+05
2.299999999999999822e-01 9.400081298519779027e-01 1.245168181818181765e+05
2.500000000000000000e-01 9.772444441150228700e-01 1.294492727272727207e+05
2.700000000000000178e-01 9.582834825716385341e-01 1.269376363636363676e+05
2.900000000000000355e-01 1.074320202380195211e+00 1.423082727272727352e+05
3.099999999999999978e-01 1.060680086893197593e+00 1.405014545454545587e+05
3.300000000000000155e-01 1.112476838397608025e+00 1.473626363636363531e+05
3.499999999999999778e-01 1.082938010187502131e+00 1.434498181818181765e+05
3.699999999999999956e-01 1.123019704013268560e+00 1.487591818181818235e+05
3.900000000000000133e-01 1.175681873662539623e+00 1.557350000000000000e+05
4.100000000000000311e-01 1.155099196753330171e+00 1.530085454545454413e+05
4.299999999999999933e-01 1.180234069185822854e+00 1.563380000000000000e+05
4.500000000000000111e-01 1.185086175676040243e+00 1.569807272727272648e+05
4.699999999999999734e-01 1.229397506319233946e+00 1.628503636363636469e+05
4.899999999999999911e-01 1.152800108105207277e+00 1.527040000000000000e+05
5.100000000000000089e-01 1.123238632156179362e+00 1.487881818181818235e+05
5.300000000000000266e-01 1.180140733049660273e+00 1.563256363636363531e+05
5.500000000000000444e-01 1.165464998228329163e+00 1.543816363636363531e+05
5.700000000000000622e-01 1.124893289687709075e+00 1.490073636363636469e+05
5.899999999999999689e-01 1.121300534740567789e+00 1.485314545454545587e+05
6.099999999999999867e-01 1.081113151466499556e+00 1.432080909090909117e+05
6.300000000000000044e-01 1.033336030473150480e+00 1.368793636363636469e+05
6.500000000000000222e-01 1.003359345977222983e+00 1.329085454545454413e+05
6.700000000000000400e-01 9.685202605642952989e-01 1.282936363636363676e+05
6.900000000000000577e-01 9.541204163807390781e-01 1.263861818181818235e+05
7.099999999999999645e-01 9.217917985125377855e-01 1.221038181818181765e+05
7.299999999999999822e-01 8.691515903070697879e-01 1.151309090909090883e+05
7.500000000000000000e-01 8.513381142023902504e-01 1.127712727272727207e+05
7.700000000000000178e-01 8.124951830661346630e-01 1.076260000000000000e+05
7.900000000000000355e-01 7.632239975990652292e-01 1.010993636363636324e+05
8.100000000000000533e-01 7.293169009575258821e-01 9.660790909090908826e+04
8.300000000000000711e-01 7.029405206550467522e-01 9.311400000000000000e+04
8.499999999999999778e-01 6.899036585775120134e-01 9.138709090909091174e+04
8.699999999999999956e-01 6.533268739236748335e-01 8.654200000000000000e+04
8.900000000000000133e-01 6.537441413559311743e-01 8.659727272727272066e+04
9.100000000000000311e-01 6.311163049925705426e-01 8.359990909090908826e+04
9.300000000000000488e-01 6.111005078515250322e-01 8.094854545454545587e+04
9.499999999999999556e-01 5.806042979506336188e-01 7.690890909090908826e+04
9.699999999999999734e-01 5.740591014022313754e-01 7.604190909090908826e+04
9.899999999999999911e-01 5.602686872842074228e-01 7.421518181818182347e+04
1.010000000000000009e+00 5.317929302131887415e-01 7.044318181818182347e+04
1.030000000000000027e+00 5.242038787890268559e-01 6.943790909090908826e+04
1.050000000000000044e+00 4.961199962308672773e-01 6.571781818181817653e+04
1.070000000000000062e+00 4.897045094599262738e-01 6.486800000000000000e+04
1.090000000000000080e+00 4.426960389996809631e-01 5.864109090909091174e+04
1.110000000000000098e+00 4.271946911503823330e-01 5.658772727272727207e+04
1.130000000000000115e+00 4.191581753087350593e-01 5.552318181818181620e+04
1.149999999999999911e+00 3.931997487336311159e-01 5.208463636363636033e+04
1.169999999999999929e+00 3.681149758448138964e-01 4.876181818181818380e+04
1.189999999999999947e+00 3.514709466226422219e-01 4.655709090909091174e+04
1.209999999999999964e+00 3.329643124479316763e-01 4.410563636363636033e+04
1.229999999999999982e+00 3.045139482963101218e-01 4.033700000000000000e+04
1.250000000000000000e+00 2.925813350649932310e-01 3.875636363636363967e+04
1.270000000000000018e+00 2.742174502750019394e-01 3.632381818181818380e+04
1.290000000000000036e+00 2.497352445005285027e-01 3.308081818181818380e+04
1.310000000000000053e+00 2.388622709327045956e-01 3.164054545454545587e+04
1.330000000000000071e+00 2.235366146338296500e-01 2.961045454545454413e+04
1.350000000000000089e+00 2.018085111712717705e-01 2.673227272727272793e+04
1.370000000000000107e+00 1.882047693255730070e-01 2.493027272727272793e+04
1.390000000000000124e+00 1.746634803356889309e-01 2.313654545454545587e+04
1.410000000000000142e+00 1.608222803788706134e-01 2.130309090909090810e+04
1.429999999999999938e+00 1.475040373026103857e-01 1.953890909090909190e+04
1.449999999999999956e+00 1.389569178925441906e-01 1.840672727272727207e+04
1.469999999999999973e+00 1.268547897668731161e-01 1.680363636363636397e+04
1.489999999999999991e+00 1.181093310674613817e-01 1.564518181818181802e+04
1.510000000000000009e+00 1.117487479060278177e-01 1.480263636363636397e+04
1.530000000000000027e+00 1.020664963693958815e-01 1.352009090909090992e+04
1.550000000000000044e+00 9.677927877383220301e-02 1.281972727272727207e+04
1.570000000000000062e+00 9.198138959800332415e-02 1.218418181818181802e+04
1.590000000000000080e+00 8.604013275418261053e-02 1.139718181818181802e+04
1.610000000000000098e+00 8.190863613874993510e-02 1.084990909090909008e+04
1.630000000000000115e+00 8.008515000798505090e-02 1.060836363636363603e+04
1.650000000000000133e+00 7.367309471263829013e-02 9.759000000000000000e+03
1.669999999999999929e+00 6.932747402012670590e-02 9.183363636363636033e+03
1.689999999999999947e+00 6.584521258711917291e-02 8.722090909090909918e+03
1.709999999999999964e+00 6.286875065669864093e-02 8.327818181818181984e+03
1.729999999999999982e+00 5.969600832228913467e-02 7.907545454545454959e+03
1.750000000000000000e+00 5.739760596928514258e-02 7.603090909090909008e+03
1.770000000000000018e+00 5.332924850478598655e-02 7.064181818181818016e+03
1.790000000000000036e+00 5.219205749286373597e-02 6.913545454545454959e+03
1.810000000000000053e+00 4.841057138804080728e-02 6.412636363636363967e+03
1.830000000000000071e+00 4.627276209284598985e-02 6.129454545454545041e+03
1.850000000000000089e+00 4.469702849998329064e-02 5.920727272727272975e+03
1.870000000000000107e+00 4.274314629663830689e-02 5.661909090909090992e+03
1.890000000000000124e+00 4.005012425029979423e-02 5.305181818181818016e+03
1.910000000000000142e+00 3.914970505437825182e-02 5.185909090909090992e+03
1.929999999999999938e+00 3.783888137738881940e-02 5.012272727272727025e+03
1.949999999999999956e+00 3.637432759377862840e-02 4.818272727272727025e+03
1.969999999999999973e+00 3.437583620770887083e-02 4.553545454545454959e+03
1.989999999999999991e+00 3.305814957953100153e-02 4.379000000000000000e+03
2.009999999999999787e+00 2.333403404064967378e-05 3.090909090909090828e+00
