0.10000 0.10317 0.10633 0.35412
0.10633 0.10950 0.11267 0.52372
0.11267 0.11583 0.11900 0.61724
0.11900 0.12217 0.12533 0.64587
0.12533 0.12850 0.13167 0.64081
0.13167 0.13483 0.13800 0.63125
0.13800 0.14117 0.14433 0.62859
0.14433 0.14750 0.15067 0.63537
0.15067 0.15383 0.15700 0.65372
0.15700 0.16017 0.16333 0.68055
0.16333 0.16650 0.16967 0.70863
0.16967 0.17283 0.17600 0.73090
0.17600 0.17917 0.18233 0.74433
0.18233 0.18550 0.18867 0.75050
0.18867 0.19183 0.19500 0.75134
0.19500 0.19817 0.20133 0.75135
0.20133 0.20450 0.20767 0.75961
0.20767 0.21083 0.21400 0.78563
0.21400 0.21717 0.22033 0.83308
0.22033 0.22350 0.22667 0.88923
0.22667 0.22983 0.23300 0.93891
0.23300 0.23617 0.23933 0.96977
0.23933 0.24250 0.24567 0.98195
0.24567 0.24883 0.25200 0.97912
0.25200 0.25517 0.25833 0.96575
0.25833 0.26150 0.26467 0.95253
0.26467 0.26783 0.27100 0.95274
0.27100 0.27417 0.27733 0.97812
0.27733 0.28050 0.28367 1.02108
0.28367 0.28683 0.29000 1.06146
0.29000 0.29317 0.29633 1.07965
0.29633 0.29950 0.30267 1.07439
0.30267 0.30583 0.30900 1.06292
0.30900 0.31217 0.31533 1.06303
0.31533 0.31850 0.32167 1.08031
0.32167 0.32483 0.32800 1.10183
0.32800 0.33117 0.33433 1.11316
0.33433 0.33750 0.34067 1.10702
0.34067 0.34383 0.34700 1.09294
0.34700 0.35017 0.35333 1.08282
0.35333 0.35650 0.35967 1.08565
0.35967 0.36283 0.36600 1.09952
0.36600 0.36917 0.37233 1.12007
0.37233 0.37550 0.37867 1.14275
0.37867 0.38183 0.38500 1.16261
0.38500 0.38817 0.39133 1.17449
0.39133 0.39450 0.39767 1.17398
0.39767 0.40083 0.40400 1.16509
0.40400 0.40717 0.41033 1.15651
0.41033 0.41350 0.41667 1.15659
0.41667 0.41983 0.42300 1.16544
0.42300 0.42617 0.42933 1.17604
0.42933 0.43250 0.43567 1.18126
0.43567 0.43883 0.44200 1.18017
0.44200 0.44517 0.44833 1.17992
0.44833 0.45150 0.45467 1.18820
0.45467 0.45783 0.46100 1.20656
0.46100 0.46417 0.46733 1.22426
0.46733 0.47050 0.47367 1.22902
0.47367 0.47683 0.48000 1.21342
0.48000 0.48317 0.48633 1.18513
0.48633 0.48950 0.49267 1.15495
0.49267 0.49583 0.49900 1.13233
0.49900 0.50217 0.50533 1.12059
0.50533 0.50850 0.51167 1.12115
0.51167 0.51483 0.51800 1.13464
0.51800 0.52117 0.52433 1.15546
0.52433 0.52750 0.53067 1.17481
0.53067 0.53383 0.53700 1.18445
0.53700 0.54017 0.54333 1.18270
0.54333 0.54650 0.54967 1.17297
0.54967 0.55283 0.55600 1.15880
0.55600 0.55917 0.56233 1.14360
0.56233 0.56550 0.56867 1.13076
0.56867 0.57183 0.57500 1.12357
0.57500 0.57817 0.58133 1.12251
0.58133 0.58450 0.58767 1.12317
0.58767 0.59083 0.59400 1.12061
0.59400 0.59717 0.60033 1.11165
0.60033 0.60350 0.60667 1.09786
0.60667 0.60983 0.61300 1.08156
0.61300 0.61617 0.61933 1.06488
0.61933 0.62250 0.62567 1.04918
0.62567 0.62883 0.63200 1.03554
0.63200 0.63517 0.63833 1.02479
0.63833 0.64150 0.64467 1.01586
0.64467 0.64783 0.65100 1.00683
0.65100 0.65417 0.65733 0.99595
0.65733 0.66050 0.66367 0.98391
0.66367 0.66683 0.67000 0.97292
0.67000 0.67317 0.67633 0.96513
0.67633 0.67950 0.68267 0.96056
0.68267 0.68583 0.68900 0.95700
0.68900 0.69217 0.69533 0.95220
0.69533 0.69850 0.70167 0.94459
0.70167 0.70483 0.70800 0.93360
0.70800 0.71117 0.71433 0.91874
0.71433 0.71750 0.72067 0.90072
0.72067 0.72383 0.72700 0.88287
0.72700 0.73017 0.73333 0.86886
0.73333 0.73650 0.73967 0.86109
0.73967 0.74283 0.74600 0.85683
0.74600 0.74917 0.75233 0.85218
0.75233 0.75550 0.75867 0.84383
0.75867 0.76183 0.76500 0.83173
0.76500 0.76817 0.77133 0.81705
0.77133 0.77450 0.77767 0.80099
0.77767 0.78083 0.78400 0.78473
0.78400 0.78717 0.79033 0.76943
0.79033 0.79350 0.79667 0.75625
0.79667 0.79983 0.80300 0.74517
0.80300 0.80617 0.80933 0.73521
0.80933 0.81250 0.81567 0.72541
0.81567 0.81883 0.82200 0.71574
0.82200 0.82517 0.82833 0.70746
0.82833 0.83150 0.83467 0.70195
0.83467 0.83783 0.84100 0.69911
0.84100 0.84417 0.84733 0.69595
0.84733 0.85050 0.85367 0.68916
0.85367 0.85683 0.86000 0.67714
0.86000 0.86317 0.86633 0.66370
0.86633 0.86950 0.87267 0.65381
0.87267 0.87583 0.87900 0.65110
0.87900 0.88217 0.88533 0.65278
0.88533 0.88850 0.89167 0.65404
0.89167 0.89483 0.89800 0.65062
0.89800 0.90117 0.90433 0.64305
0.90433 0.90750 0.91067 0.63427
0.91067 0.91383 0.91700 0.62702
0.91700 0.92017 0.92333 0.62136
0.92333 0.92650 0.92967 0.61533
0.92967 0.93283 0.93600 0.60698
0.93600 0.93917 0.94233 0.59643
0.94233 0.94550 0.94867 0.58621
0.94867 0.95183 0.95500 0.57895
0.95500 0.95817 0.96133 0.57568
0.96133 0.96450 0.96767 0.57467
0.96767 0.97083 0.97400 0.57390
0.97400 0.97717 0.98033 0.57172
0.98033 0.98350 0.98667 0.56744
0.98667 0.98983 0.99300 0.56050
0.99300 0.99617 0.99933 0.55085
0.99933 1.00250 1.00567 0.54070
1.00567 1.00883 1.01200 0.53279
1.01200 1.01517 1.01833 0.52929
1.01833 1.02150 1.02467 0.52825
1.02467 1.02783 1.03100 0.52595
1.03100 1.03417 1.03733 0.51903
1.03733 1.04050 1.04367 0.50871
1.04367 1.04683 1.05000 0.49922
1.05000 1.05317 1.05633 0.49463
1.05633 1.05950 1.06267 0.49442
1.06267 1.06583 1.06900 0.49341
1.06900 1.07217 1.07533 0.48628
1.07533 1.07850 1.08167 0.47180
1.08167 1.08483 1.08800 0.45477
1.08800 1.09117 1.09433 0.44051
1.09433 1.09750 1.10067 0.43233
1.10067 1.10383 1.10700 0.42863
1.10700 1.11017 1.11333 0.42717
1.11333 1.11650 1.11967 0.42593
1.11967 1.12283 1.12600 0.42380
1.12600 1.12917 1.13233 0.41986
1.13233 1.13550 1.13867 0.41341
1.13867 1.14183 1.14500 0.40505
1.14500 1.14817 1.15133 0.39586
1.15133 1.15450 1.15767 0.38687
1.15767 1.16083 1.16400 0.37856
1.16400 1.16717 1.17033 0.37111
1.17033 1.17350 1.17667 0.36470
1.17667 1.17983 1.18300 0.35921
1.18300 1.18617 1.18933 0.35430
1.18933 1.19250 1.19567 0.34963
1.19567 1.19883 1.20200 0.34468
1.20200 1.20517 1.20833 0.33869
1.20833 1.21150 1.21467 0.33093
1.21467 1.21783 1.22100 0.32143
1.22100 1.22417 1.22733 0.31183
1.22733 1.23050 1.23367 0.30400
1.23367 1.23683 1.24000 0.29906
1.24000 1.24317 1.24633 0.29587
1.24633 1.24950 1.25267 0.29286
1.25267 1.25583 1.25900 0.28866
1.25900 1.26217 1.26533 0.28301
1.26533 1.26850 1.27167 0.27605
1.27167 1.27483 1.27800 0.26796
1.27800 1.28117 1.28433 0.25958
1.28433 1.28750 1.29067 0.25215
1.29067 1.29383 1.29700 0.24676
1.29700 1.30017 1.30333 0.24325
1.30333 1.30650 1.30967 0.24049
1.30967 1.31283 1.31600 0.23734
1.31600 1.31917 1.32233 0.23316
1.32233 1.32550 1.32867 0.22792
1.32867 1.33183 1.33500 0.22160
1.33500 1.33817 1.34133 0.21446
1.34133 1.34450 1.34767 0.20733
1.34767 1.35083 1.35400 0.20107
1.35400 1.35717 1.36033 0.19614
1.36033 1.36350 1.36667 0.19211
1.36667 1.36983 1.37300 0.18831
1.37300 1.37617 1.37933 0.18423
1.37933 1.38250 1.38567 0.17990
1.38567 1.38883 1.39200 0.17548
1.39200 1.39517 1.39833 0.17110
1.39833 1.40150 1.40467 0.16677
1.40467 1.40783 1.41100 0.16237
1.41100 1.41417 1.41733 0.15781
1.41733 1.42050 1.42367 0.15332
1.42367 1.42683 1.43000 0.14926
1.43000 1.43317 1.43633 0.14598
1.43633 1.43950 1.44267 0.14339
1.44267 1.44583 1.44900 0.14087
1.44900 1.45217 1.45533 0.13782
1.45533 1.45850 1.46167 0.13405
1.46167 1.46483 1.46800 0.13001
1.46800 1.47117 1.47433 0.12619
1.47433 1.47750 1.48067 0.12295
1.48067 1.48383 1.48700 0.12027
1.48700 1.49017 1.49333 0.11806
1.49333 1.49650 1.49967 0.11619
1.49967 1.50283 1.50600 0.11434
1.50600 1.50917 1.51233 0.11209
1.51233 1.51550 1.51867 0.10918
1.51867 1.52183 1.52500 0.10592
1.52500 1.52817 1.53133 0.10284
1.53133 1.53450 1.53767 0.10045
1.53767 1.54083 1.54400 0.09873
1.54400 1.54717 1.55033 0.09736
1.55033 1.55350 1.55667 0.09604
1.55667 1.55983 1.56300 0.09460
1.56300 1.56617 1.56933 0.09302
1.56933 1.57250 1.57567 0.09127
1.57567 1.57883 1.58200 0.08937
1.58200 1.58517 1.58833 0.08745
1.58833 1.59150 1.59467 0.08562
1.59467 1.59783 1.60100 0.08401
1.60100 1.60417 1.60733 0.08271
1.60733 1.61050 1.61367 0.08186
1.61367 1.61683 1.62000 0.08143
1.62000 1.62317 1.62633 0.08103
1.62633 1.62950 1.63267 0.08019
1.63267 1.63583 1.63900 0.07853
1.63900 1.64217 1.64533 0.07636
1.64533 1.64850 1.65167 0.07415
1.65167 1.65483 1.65800 0.07234
1.65800 1.66117 1.66433 0.07094
1.66433 1.66750 1.67067 0.06977
1.67067 1.67383 1.67700 0.06864
1.67700 1.68017 1.68333 0.06751
1.68333 1.68650 1.68967 0.06641
1.68967 1.69283 1.69600 0.06541
1.69600 1.69917 1.70233 0.06448
1.70233 1.70550 1.70867 0.06356
1.70867 1.71183 1.71500 0.06257
1.71500 1.71817 1.72133 0.06149
1.72133 1.72450 1.72767 0.06046
1.72767 1.73083 1.73400 0.05960
1.73400 1.73717 1.74033 0.05896
1.74033 1.74350 1.74667 0.05832
1.74667 1.74983 1.75300 0.05743
1.75300 1.75617 1.75933 0.05611
1.75933 1.76250 1.76567 0.05467
1.76567 1.76883 1.77200 0.05349
1.77200 1.77517 1.77833 0.05290
1.77833 1.78150 1.78467 0.05269
1.78467 1.78783 1.79100 0.05239
1.79100 1.79417 1.79733 0.05160
1.79733 1.80050 1.80367 0.05036
1.80367 1.80683 1.81000 0.04901
1.81000 1.81317 1.81633 0.04790
1.81633 1.81950 1.82267 0.04714
1.82267 1.82583 1.82900 0.04659
1.82900 1.83217 1.83533 0.04611
1.83533 1.83850 1.84167 0.04562
1.84167 1.84483 1.84800 0.04511
1.84800 1.85117 1.85433 0.04460
1.85433 1.85750 1.86067 0.04407
1.86067 1.86383 1.86700 0.04347
1.86700 1.87017 1.87333 0.04272
1.87333 1.87650 1.87967 0.04181
1.87967 1.88283 1.88600 0.04089
1.88600 1.88917 1.89233 0.04013
1.89233 1.89550 1.89867 0.03967
1.89867 1.90183 1.90500 0.03943
1.90500 1.90817 1.91133 0.03922
1.91133 1.91450 1.91767 0.03891
1.91767 1.92083 1.92400 0.03848
1.92400 1.92717 1.93033 0.03802
1.93033 1.93350 1.93667 0.03764
1.93667 1.93983 1.94300 0.03728
1.94300 1.94617 1.94933 0.03679
1.94933 1.95250 1.95567 0.03604
1.95567 1.95883 1.96200 0.03511
1.96200 1.96517 1.96833 0.03444
1.96833 1.97150 1.97467 0.03446
1.97467 1.97783 1.98100 0.03506
1.98100 1.98417 1.98733 0.03496
1.98733 1.99050 1.99367 0.03278
1.99367 1.99683 2.00000 0.02719
