0.000000e+00 6.250000e-03 1.250000e-02 5.180571e-04
1.250000e-02 1.875000e-02 2.500000e-02 4.490908e-03
2.500000e-02 3.125000e-02 3.750000e-02 1.201560e-02
3.750000e-02 4.375000e-02 5.000000e-02 2.268379e-02
5.000000e-02 5.625000e-02 6.250000e-02 3.611757e-02
6.250000e-02 6.875000e-02 7.500000e-02 5.196762e-02
7.500000e-02 8.125000e-02 8.750000e-02 6.991142e-02
8.750000e-02 9.375000e-02 1.000000e-01 8.965157e-02
1.000000e-01 1.062500e-01 1.125000e-01 1.109142e-01
1.125000e-01 1.187500e-01 1.250000e-01 1.334475e-01
1.250000e-01 1.312500e-01 1.375000e-01 1.570203e-01
1.375000e-01 1.437500e-01 1.500000e-01 1.814207e-01
1.500000e-01 1.562500e-01 1.625000e-01 2.064549e-01
1.625000e-01 1.687500e-01 1.750000e-01 2.319459e-01
1.750000e-01 1.812500e-01 1.875000e-01 2.577324e-01
1.875000e-01 1.937500e-01 2.000000e-01 2.836680e-01
2.000000e-01 2.062500e-01 2.125000e-01 3.096199e-01
2.125000e-01 2.187500e-01 2.250000e-01 3.354679e-01
2.250000e-01 2.312500e-01 2.375000e-01 3.611040e-01
2.375000e-01 2.437500e-01 2.500000e-01 3.864311e-01
2.500000e-01 2.562500e-01 2.625000e-01 4.113623e-01
2.625000e-01 2.687500e-01 2.750000e-01 4.358205e-01
2.750000e-01 2.812500e-01 2.875000e-01 4.597373e-01
2.875000e-01 2.937500e-01 3.000000e-01 4.830526e-01
3.000000e-01 3.062500e-01 3.125000e-01 5.057138e-01
3.125000e-01 3.187500e-01 3.250000e-01 5.276755e-01
3.250000e-01 3.312500e-01 3.375000e-01 5.488988e-01
3.375000e-01 3.437500e-01 3.500000e-01 5.693507e-01
3.500000e-01 3.562500e-01 3.625000e-01 5.890039e-01
3.625000e-01 3.687500e-01 3.750000e-01 6.078360e-01
3.750000e-01 3.812500e-01 3.875000e-01 6.258295e-01
3.875000e-01 3.937500e-01 4.000000e-01 6.429711e-01
4.000000e-01 4.062500e-01 4.125000e-01 6.592513e-01
4.125000e-01 4.187500e-01 4.250000e-01 6.746645e-01
4.250000e-01 4.312500e-01 4.375000e-01 6.892081e-01
4.375000e-01 4.437500e-01 4.500000e-01 7.028827e-01
4.500000e-01 4.562500e-01 4.625000e-01 7.156915e-01
4.625000e-01 4.687500e-01 4.750000e-01 7.276400e-01
4.750000e-01 4.812500e-01 4.875000e-01 7.387364e-01
4.875000e-01 4.937500e-01 5.000000e-01 7.489902e-01
5.000000e-01 5.062500e-01 5.125000e-01 7.584134e-01
5.125000e-01 5.187500e-01 5.250000e-01 7.670189e-01
5.250000e-01 5.312500e-01 5.375000e-01 7.748216e-01
5.375000e-01 5.437500e-01 5.500000e-01 7.818372e-01
5.500000e-01 5.562500e-01 5.625000e-01 7.880827e-01
5.625000e-01 5.687500e-01 5.750000e-01 7.935760e-01
5.750000e-01 5.812500e-01 5.875000e-01 7.983357e-01
5.875000e-01 5.937500e-01 6.000000e-01 8.023814e-01
6.000000e-01 6.062500e-01 6.125000e-01 8.057328e-01
6.125000e-01 6.187500e-01 6.250000e-01 8.084105e-01
6.250000e-01 6.312500e-01 6.375000e-01 8.104351e-01
6.375000e-01 6.437500e-01 6.500000e-01 8.118278e-01
6.500000e-01 6.562500e-01 6.625000e-01 8.126097e-01
6.625000e-01 6.687500e-01 6.750000e-01 8.128023e-01
6.750000e-01 6.812500e-01 6.875000e-01 8.124270e-01
6.875000e-01 6.937500e-01 7.000000e-01 8.115051e-01
7.000000e-01 7.062500e-01 7.125000e-01 8.100580e-01
7.125000e-01 7.187500e-01 7.250000e-01 8.081070e-01
7.250000e-01 7.312500e-01 7.375000e-01 8.056731e-01
7.375000e-01 7.437500e-01 7.500000e-01 8.027772e-01
7.500000e-01 7.562500e-01 7.625000e-01 7.994399e-01
7.625000e-01 7.687500e-01 7.750000e-01 7.956815e-01
7.750000e-01 7.812500e-01 7.875000e-01 7.915220e-01
7.875000e-01 7.937500e-01 8.000000e-01 7.869813e-01
8.000000e-01 8.062500e-01 8.125000e-01 7.820785e-01
8.125000e-01 8.187500e-01 8.250000e-01 7.768326e-01
8.250000e-01 8.312500e-01 8.375000e-01 7.712623e-01
8.375000e-01 8.437500e-01 8.500000e-01 7.653856e-01
8.500000e-01 8.562500e-01 8.625000e-01 7.592204e-01
8.625000e-01 8.687500e-01 8.750000e-01 7.527838e-01
8.750000e-01 8.812500e-01 8.875000e-01 7.460928e-01
8.875000e-01 8.937500e-01 9.000000e-01 7.391638e-01
9.000000e-01 9.062500e-01 9.125000e-01 7.320126e-01
9.125000e-01 9.187500e-01 9.250000e-01 7.246548e-01
9.250000e-01 9.312500e-01 9.375000e-01 7.171054e-01
9.375000e-01 9.437500e-01 9.500000e-01 7.093790e-01
9.500000e-01 9.562500e-01 9.625000e-01 7.014896e-01
9.625000e-01 9.687500e-01 9.750000e-01 6.934509e-01
9.750000e-01 9.812500e-01 9.875000e-01 6.852761e-01
9.875000e-01 9.937500e-01 1.000000e+00 6.769779e-01
1.000000e+00 1.006250e+00 1.012500e+00 6.685686e-01
1.012500e+00 1.018750e+00 1.025000e+00 6.600599e-01
1.025000e+00 1.031250e+00 1.037500e+00 6.514634e-01
1.037500e+00 1.043750e+00 1.050000e+00 6.427899e-01
1.050000e+00 1.056250e+00 1.062500e+00 6.340499e-01
1.062500e+00 1.068750e+00 1.075000e+00 6.252536e-01
1.075000e+00 1.081250e+00 1.087500e+00 6.164107e-01
1.087500e+00 1.093750e+00 1.100000e+00 6.075304e-01
1.100000e+00 1.106250e+00 1.112500e+00 5.986216e-01
1.112500e+00 1.118750e+00 1.125000e+00 5.896929e-01
1.125000e+00 1.131250e+00 1.137500e+00 5.807523e-01
1.137500e+00 1.143750e+00 1.150000e+00 5.718076e-01
1.150000e+00 1.156250e+00 1.162500e+00 5.628662e-01
1.162500e+00 1.168750e+00 1.175000e+00 5.539351e-01
1.175000e+00 1.181250e+00 1.187500e+00 5.450210e-01
1.187500e+00 1.193750e+00 1.200000e+00 5.361302e-01
1.200000e+00 1.206250e+00 1.212500e+00 5.272689e-01
1.212500e+00 1.218750e+00 1.225000e+00 5.184426e-01
1.225000e+00 1.231250e+00 1.237500e+00 5.096569e-01
1.237500e+00 1.243750e+00 1.250000e+00 5.009167e-01
1.250000e+00 1.256250e+00 1.262500e+00 4.922270e-01
1.262500e+00 1.268750e+00 1.275000e+00 4.835923e-01
1.275000e+00 1.281250e+00 1.287500e+00 4.750168e-01
1.287500e+00 1.293750e+00 1.300000e+00 4.665046e-01
1.300000e+00 1.306250e+00 1.312500e+00 4.580594e-01
1.312500e+00 1.318750e+00 1.325000e+00 4.496846e-01
1.325000e+00 1.331250e+00 1.337500e+00 4.413837e-01
1.337500e+00 1.343750e+00 1.350000e+00 4.331596e-01
1.350000e+00 1.356250e+00 1.362500e+00 4.250152e-01
1.362500e+00 1.368750e+00 1.375000e+00 4.169531e-01
1.375000e+00 1.381250e+00 1.387500e+00 4.089757e-01
1.387500e+00 1.393750e+00 1.400000e+00 4.010852e-01
1.400000e+00 1.406250e+00 1.412500e+00 3.932836e-01
1.412500e+00 1.418750e+00 1.425000e+00 3.855729e-01
1.425000e+00 1.431250e+00 1.437500e+00 3.779547e-01
1.437500e+00 1.443750e+00 1.450000e+00 3.704304e-01
1.450000e+00 1.456250e+00 1.462500e+00 3.630016e-01
1.462500e+00 1.468750e+00 1.475000e+00 3.556693e-01
1.475000e+00 1.481250e+00 1.487500e+00 3.484346e-01
1.487500e+00 1.493750e+00 1.500000e+00 3.412985e-01
1.500000e+00 1.506250e+00 1.512500e+00 3.342617e-01
1.512500e+00 1.518750e+00 1.525000e+00 3.273249e-01
1.525000e+00 1.531250e+00 1.537500e+00 3.204886e-01
1.537500e+00 1.543750e+00 1.550000e+00 3.137533e-01
1.550000e+00 1.556250e+00 1.562500e+00 3.071192e-01
1.562500e+00 1.568750e+00 1.575000e+00 3.005867e-01
1.575000e+00 1.581250e+00 1.587500e+00 2.941557e-01
1.587500e+00 1.593750e+00 1.600000e+00 2.878264e-01
1.600000e+00 1.606250e+00 1.612500e+00 2.815985e-01
1.612500e+00 1.618750e+00 1.625000e+00 2.754721e-01
1.625000e+00 1.631250e+00 1.637500e+00 2.694468e-01
1.637500e+00 1.643750e+00 1.650000e+00 2.635224e-01
1.650000e+00 1.656250e+00 1.662500e+00 2.576984e-01
1.662500e+00 1.668750e+00 1.675000e+00 2.519744e-01
1.675000e+00 1.681250e+00 1.687500e+00 2.463499e-01
1.687500e+00 1.693750e+00 1.700000e+00 2.408244e-01
1.700000e+00 1.706250e+00 1.712500e+00 2.353971e-01
1.712500e+00 1.718750e+00 1.725000e+00 2.300674e-01
1.725000e+00 1.731250e+00 1.737500e+00 2.248347e-01
1.737500e+00 1.743750e+00 1.750000e+00 2.196980e-01
1.750000e+00 1.756250e+00 1.762500e+00 2.146566e-01
1.762500e+00 1.768750e+00 1.775000e+00 2.097097e-01
1.775000e+00 1.781250e+00 1.787500e+00 2.048563e-01
1.787500e+00 1.793750e+00 1.800000e+00 2.000955e-01
1.800000e+00 1.806250e+00 1.812500e+00 1.954264e-01
1.812500e+00 1.818750e+00 1.825000e+00 1.908479e-01
1.825000e+00 1.831250e+00 1.837500e+00 1.863591e-01
1.837500e+00 1.843750e+00 1.850000e+00 1.819589e-01
1.850000e+00 1.856250e+00 1.862500e+00 1.776463e-01
1.862500e+00 1.868750e+00 1.875000e+00 1.734202e-01
1.875000e+00 1.881250e+00 1.887500e+00 1.692794e-01
1.887500e+00 1.893750e+00 1.900000e+00 1.652230e-01
1.900000e+00 1.906250e+00 1.912500e+00 1.612497e-01
1.912500e+00 1.918750e+00 1.925000e+00 1.573584e-01
1.925000e+00 1.931250e+00 1.937500e+00 1.535479e-01
1.937500e+00 1.943750e+00 1.950000e+00 1.498172e-01
1.950000e+00 1.956250e+00 1.962500e+00 1.461651e-01
1.962500e+00 1.968750e+00 1.975000e+00 1.425903e-01
1.975000e+00 1.981250e+00 1.987500e+00 1.390918e-01
1.987500e+00 1.993750e+00 2.000000e+00 1.356682e-01
2.000000e+00 2.006250e+00 2.012500e+00 1.323186e-01
2.012500e+00 2.018750e+00 2.025000e+00 1.290416e-01
2.025000e+00 2.031250e+00 2.037500e+00 1.258361e-01
2.037500e+00 2.043750e+00 2.050000e+00 1.227010e-01
2.050000e+00 2.056250e+00 2.062500e+00 1.196350e-01
2.062500e+00 2.068750e+00 2.075000e+00 1.166371e-01
2.075000e+00 2.081250e+00 2.087500e+00 1.137059e-01
2.087500e+00 2.093750e+00 2.100000e+00 1.108404e-01
2.100000e+00 2.106250e+00 2.112500e+00 1.080394e-01
2.112500e+00 2.118750e+00 2.125000e+00 1.053018e-01
2.125000e+00 2.131250e+00 2.137500e+00 1.026264e-01
2.137500e+00 2.143750e+00 2.150000e+00 1.000121e-01
2.150000e+00 2.156250e+00 2.162500e+00 9.745776e-02
2.162500e+00 2.168750e+00 2.175000e+00 9.496229e-02
2.175000e+00 2.181250e+00 2.187500e+00 9.252456e-02
2.187500e+00 2.193750e+00 2.200000e+00 9.014349e-02
2.200000e+00 2.206250e+00 2.212500e+00 8.781799e-02
2.212500e+00 2.218750e+00 2.225000e+00 8.554699e-02
2.225000e+00 2.231250e+00 2.237500e+00 8.332943e-02
2.237500e+00 2.243750e+00 2.250000e+00 8.116426e-02
2.250000e+00 2.256250e+00 2.262500e+00 7.905044e-02
2.262500e+00 2.268750e+00 2.275000e+00 7.698695e-02
2.275000e+00 2.281250e+00 2.287500e+00 7.497277e-02
2.287500e+00 2.293750e+00 2.300000e+00 7.300690e-02
2.300000e+00 2.306250e+00 2.312500e+00 7.108836e-02
2.312500e+00 2.318750e+00 2.325000e+00 6.921616e-02
2.325000e+00 2.331250e+00 2.337500e+00 6.738936e-02
2.337500e+00 2.343750e+00 2.350000e+00 6.560699e-02
2.350000e+00 2.356250e+00 2.362500e+00 6.386814e-02
2.362500e+00 2.368750e+00 2.375000e+00 6.217187e-02
2.375000e+00 2.381250e+00 2.387500e+00 6.051728e-02
2.387500e+00 2.393750e+00 2.400000e+00 5.890348e-02
2.400000e+00 2.406250e+00 2.412500e+00 5.732959e-02
2.412500e+00 2.418750e+00 2.425000e+00 5.579474e-02
2.425000e+00 2.431250e+00 2.437500e+00 5.429808e-02
2.437500e+00 2.443750e+00 2.450000e+00 5.283878e-02
2.450000e+00 2.456250e+00 2.462500e+00 5.141600e-02
2.462500e+00 2.468750e+00 2.475000e+00 5.002895e-02
2.475000e+00 2.481250e+00 2.487500e+00 4.867681e-02
2.487500e+00 2.493750e+00 2.500000e+00 4.735882e-02
2.500000e+00 2.506250e+00 2.512500e+00 4.607420e-02
2.512500e+00 2.518750e+00 2.525000e+00 4.482219e-02
2.525000e+00 2.531250e+00 2.537500e+00 4.360206e-02
2.537500e+00 2.543750e+00 2.550000e+00 4.241307e-02
2.550000e+00 2.556250e+00 2.562500e+00 4.125452e-02
2.562500e+00 2.568750e+00 2.575000e+00 4.012569e-02
2.575000e+00 2.581250e+00 2.587500e+00 3.902590e-02
2.587500e+00 2.593750e+00 2.600000e+00 3.795447e-02
2.600000e+00 2.606250e+00 2.612500e+00 3.691074e-02
2.612500e+00 2.618750e+00 2.625000e+00 3.589407e-02
2.625000e+00 2.631250e+00 2.637500e+00 3.490381e-02
2.637500e+00 2.643750e+00 2.650000e+00 3.393933e-02
2.650000e+00 2.656250e+00 2.662500e+00 3.300003e-02
2.662500e+00 2.668750e+00 2.675000e+00 3.208531e-02
2.675000e+00 2.681250e+00 2.687500e+00 3.119457e-02
2.687500e+00 2.693750e+00 2.700000e+00 3.032724e-02
2.700000e+00 2.706250e+00 2.712500e+00 2.948276e-02
2.712500e+00 2.718750e+00 2.725000e+00 2.866057e-02
2.725000e+00 2.731250e+00 2.737500e+00 2.786013e-02
2.737500e+00 2.743750e+00 2.750000e+00 2.708091e-02
2.750000e+00 2.756250e+00 2.762500e+00 2.632239e-02
2.762500e+00 2.768750e+00 2.775000e+00 2.558407e-02
2.775000e+00 2.781250e+00 2.787500e+00 2.486544e-02
2.787500e+00 2.793750e+00 2.800000e+00 2.416602e-02
2.800000e+00 2.806250e+00 2.812500e+00 2.348533e-02
2.812500e+00 2.818750e+00 2.825000e+00 2.282291e-02
2.825000e+00 2.831250e+00 2.837500e+00 2.217830e-02
2.837500e+00 2.843750e+00 2.850000e+00 2.155106e-02
2.850000e+00 2.856250e+00 2.862500e+00 2.094075e-02
2.862500e+00 2.868750e+00 2.875000e+00 2.034694e-02
2.875000e+00 2.881250e+00 2.887500e+00 1.976922e-02
2.887500e+00 2.893750e+00 2.900000e+00 1.920718e-02
2.900000e+00 2.906250e+00 2.912500e+00 1.866043e-02
2.912500e+00 2.918750e+00 2.925000e+00 1.812856e-02
2.925000e+00 2.931250e+00 2.937500e+00 1.761121e-02
2.937500e+00 2.943750e+00 2.950000e+00 1.710800e-02
2.950000e+00 2.956250e+00 2.962500e+00 1.661857e-02
2.962500e+00 2.968750e+00 2.975000e+00 1.614257e-02
2.975000e+00 2.981250e+00 2.987500e+00 1.567964e-02
2.987500e+00 2.993750e+00 3.000000e+00 1.522946e-02
3.000000e+00 3.006250e+00 3.012500e+00 1.479168e-02
3.012500e+00 3.018750e+00 3.025000e+00 1.436599e-02
3.025000e+00 3.031250e+00 3.037500e+00 1.395207e-02
3.037500e+00 3.043750e+00 3.050000e+00 1.354962e-02
3.050000e+00 3.056250e+00 3.062500e+00 1.315833e-02
3.062500e+00 3.068750e+00 3.075000e+00 1.277792e-02
3.075000e+00 3.081250e+00 3.087500e+00 1.240809e-02
3.087500e+00 3.093750e+00 3.100000e+00 1.204857e-02
3.100000e+00 3.106250e+00 3.112500e+00 1.169908e-02
3.112500e+00 3.118750e+00 3.125000e+00 1.135936e-02
3.125000e+00 3.131250e+00 3.137500e+00 1.102916e-02
3.137500e+00 3.143750e+00 3.150000e+00 1.070821e-02
3.150000e+00 3.156250e+00 3.162500e+00 1.039627e-02
3.162500e+00 3.168750e+00 3.175000e+00 1.009310e-02
3.175000e+00 3.181250e+00 3.187500e+00 9.798470e-03
3.187500e+00 3.193750e+00 3.200000e+00 9.512145e-03
3.200000e+00 3.206250e+00 3.212500e+00 9.233904e-03
3.212500e+00 3.218750e+00 3.225000e+00 8.963529e-03
3.225000e+00 3.231250e+00 3.237500e+00 8.700809e-03
3.237500e+00 3.243750e+00 3.250000e+00 8.445536e-03
3.250000e+00 3.256250e+00 3.262500e+00 8.197509e-03
3.262500e+00 3.268750e+00 3.275000e+00 7.956532e-03
3.275000e+00 3.281250e+00 3.287500e+00 7.722412e-03
3.287500e+00 3.293750e+00 3.300000e+00 7.494964e-03
3.300000e+00 3.306250e+00 3.312500e+00 7.274006e-03
3.312500e+00 3.318750e+00 3.325000e+00 7.059359e-03
3.325000e+00 3.331250e+00 3.337500e+00 6.850853e-03
3.337500e+00 3.343750e+00 3.350000e+00 6.648317e-03
3.350000e+00 3.356250e+00 3.362500e+00 6.451589e-03
3.362500e+00 3.368750e+00 3.375000e+00 6.260508e-03
3.375000e+00 3.381250e+00 3.387500e+00 6.074920e-03
3.387500e+00 3.393750e+00 3.400000e+00 5.894672e-03
3.400000e+00 3.406250e+00 3.412500e+00 5.719617e-03
3.412500e+00 3.418750e+00 3.425000e+00 5.549611e-03
3.425000e+00 3.431250e+00 3.437500e+00 5.384514e-03
3.437500e+00 3.443750e+00 3.450000e+00 5.224191e-03
3.450000e+00 3.456250e+00 3.462500e+00 5.068507e-03
3.462500e+00 3.468750e+00 3.475000e+00 4.917334e-03
3.475000e+00 3.481250e+00 3.487500e+00 4.770546e-03
3.487500e+00 3.493750e+00 3.500000e+00 4.628020e-03
3.500000e+00 3.506250e+00 3.512500e+00 4.489638e-03
3.512500e+00 3.518750e+00 3.525000e+00 4.355283e-03
3.525000e+00 3.531250e+00 3.537500e+00 4.224841e-03
3.537500e+00 3.543750e+00 3.550000e+00 4.098204e-03
3.550000e+00 3.556250e+00 3.562500e+00 3.975264e-03
3.562500e+00 3.568750e+00 3.575000e+00 3.855916e-03
3.575000e+00 3.581250e+00 3.587500e+00 3.740060e-03
3.587500e+00 3.593750e+00 3.600000e+00 3.627597e-03
3.600000e+00 3.606250e+00 3.612500e+00 3.518430e-03
3.612500e+00 3.618750e+00 3.625000e+00 3.412466e-03
3.625000e+00 3.631250e+00 3.637500e+00 3.309615e-03
3.637500e+00 3.643750e+00 3.650000e+00 3.209787e-03
3.650000e+00 3.656250e+00 3.662500e+00 3.112897e-03
3.662500e+00 3.668750e+00 3.675000e+00 3.018862e-03
3.675000e+00 3.681250e+00 3.687500e+00 2.927599e-03
3.687500e+00 3.693750e+00 3.700000e+00 2.839030e-03
3.700000e+00 3.706250e+00 3.712500e+00 2.753077e-03
3.712500e+00 3.718750e+00 3.725000e+00 2.669665e-03
3.725000e+00 3.731250e+00 3.737500e+00 2.588722e-03
3.737500e+00 3.743750e+00 3.750000e+00 2.510177e-03
