0.01 5.056472721319456E-22 2.6839609452682427E-21
0.02 6.298276665189527E-20 4.788405200814598E-20
0.03 7.885638286327172E-18 8.139208758928716E-19
0.04 8.031110251852674E-16 1.318080902342204E-17
0.05 6.456712321815313E-14 2.0297458814041973E-16
0.06 4.158432435444052E-12 2.9620499569174358E-15
0.07 2.2286706789387326E-10 4.078704940273356E-14
0.08 1.0460527430678562E-8 5.275511689289013E-13
0.09 4.433069287761937E-7 6.382349022341022E-12
0.1  1.657375136144656E-5 7.195987478117455E-11
0.11 5.153412880096407E-4 7.539183099886536E-10
0.12 0.012641940571034332 7.323531732938914E-9
0.13 0.23729728890413232 6.585616667375174E-8
0.14 3.3543730117370774 5.476558226153492E-7
0.15 35.19433791940337 4.20925852207238E-6
0.16 268.1872390264588 2.9894657153801016E-5
0.17 1443.3813159920671 1.9619306987147658E-4
0.18 5359.744136329386 0.0011900124934502109
0.19 13697.3139475864 0.00667252250069675
0.2 24951.826511482657 0.03459094364403607
0.21 35035.76011577406 0.16578920028218141
0.22 41915.56393197503 0.7344128122724911
0.23 46432.6131030411 3.0048521000435664
0.24 49946.76533269709 11.342607614225043
0.25 53424.60901115596 39.434558668733104
0.26 57453.956588139365 125.98180827160172
0.27 62135.538959693535 368.73312243858345
0.28 66884.6810489545 985.2581561940747
0.29 70445.93862804968 2394.1615870057294
0.3  71460.4658396365 5271.564153381349
0.31 69042.05322850787 10488.380609074735
0.32 62912.277829693645 18835.965901808875
0.33 53444.55099935369 30574.702718305438
0.34 41787.47664151134 45052.06906066029
0.35 29723.23038668928 60716.88499962428
0.36 19070.067904702697 75624.61690157786
0.37 10984.74219421994 88149.69447650369
0.38 5674.848386386315 97486.20360197821
0.39 2634.303444846604 103743.49587942283
0.4 1103.1861241768422 107734.78836956205
0.41 418.91729418239845 110649.27815734723
0.42 145.023866450786 113736.93645354472
0.43 45.99446090375924 118058.855183296
0.44 13.416129400201434 124277.24197836521
0.45 3.6090936981538886 132333.68337901268
0.46 0.8968686305161528 140674.13596667073
0.47 0.20603541280493212 144781.69520794833
0.48 0.04376143082337204 136753.4553310162
0.49 0.00859149794019746 110613.41863408024
0.5  0.0015583776936730718 71756.67329903552
0.51 2.6100259400131697E-4 35721.92524493046
0.52 4.033498381780401E-5 13440.216677988255
0.53 5.7469525543668235E-6 3876.5422700153063
0.54 7.542674071638854E-7 895.2949525497781
0.55 9.110152892801242E-8 178.7260511800273
0.56 1.0115767327147057E-8 34.54813446308541
0.57 1.0315719633404591E-9 7.378853447918375
0.58 9.651420287781759E-11 1.8949303583590364
0.59 8.276714227106209E-12 0.5774819045541281
0.6  6.499987829686074E-13 0.1944505296005369
0.61 4.67090566871183E-14 0.0674560770959736
0.62 3.069052811046683E-15 0.022986119488547355
0.63 1.8426234942667158E-16 0.0074838739768719005
0.64 1.010282734543842E-17 0.002294669595070338
0.65 5.055868483704216E-19 6.580767634573373E-4
0.66 2.3082938214246623E-20 1.7603473836318804E-4
0.67 9.610473870341137E-22 4.389225578587272E-5
0.68 3.647451761713024E-23 1.02041546900392E-5
0.69 1.2614559465426452E-24 2.2134783035056497E-6