0.000000e+00 3.333333e-03 6.666667e-03 3.874402e-03
6.666667e-03 1.000000e-02 1.333333e-02 1.612967e-02
1.333333e-02 1.666667e-02 2.000000e-02 3.124894e-02
2.000000e-02 2.333333e-02 2.666667e-02 4.823229e-02
2.666667e-02 3.000000e-02 3.333333e-02 6.660924e-02
3.333333e-02 3.666667e-02 4.000000e-02 8.608716e-02
4.000000e-02 4.333333e-02 4.666667e-02 1.064589e-01
4.666667e-02 5.000000e-02 5.333333e-02 1.275664e-01
5.333333e-02 5.666667e-02 6.000000e-02 1.492823e-01
6.000000e-02 6.333333e-02 6.666667e-02 1.715008e-01
6.666667e-02 7.000000e-02 7.333333e-02 1.941315e-01
7.333333e-02 7.666667e-02 8.000000e-02 2.170955e-01
8.000000e-02 8.333333e-02 8.666667e-02 2.403232e-01
8.666667e-02 9.000000e-02 9.333333e-02 2.637521e-01
9.333333e-02 9.666667e-02 1.000000e-01 2.873257e-01
1.000000e-01 1.033333e-01 1.066667e-01 3.109927e-01
1.066667e-01 1.100000e-01 1.133333e-01 3.347061e-01
1.133333e-01 1.166667e-01 1.200000e-01 3.584225e-01
1.200000e-01 1.233333e-01 1.266667e-01 3.821019e-01
1.266667e-01 1.300000e-01 1.333333e-01 4.057071e-01
1.333333e-01 1.366667e-01 1.400000e-01 4.292038e-01
1.400000e-01 1.433333e-01 1.466667e-01 4.525599e-01
1.466667e-01 1.500000e-01 1.533333e-01 4.757453e-01
1.533333e-01 1.566667e-01 1.600000e-01 4.987323e-01
1.600000e-01 1.633333e-01 1.666667e-01 5.214947e-01
1.666667e-01 1.700000e-01 1.733333e-01 5.440082e-01
1.733333e-01 1.766667e-01 1.800000e-01 5.662501e-01
1.800000e-01 1.833333e-01 1.866667e-01 5.881991e-01
1.866667e-01 1.900000e-01 1.933333e-01 6.098356e-01
1.933333e-01 1.966667e-01 2.000000e-01 6.311409e-01
2.000000e-01 2.033333e-01 2.066667e-01 6.520981e-01
2.066667e-01 2.100000e-01 2.133333e-01 6.726910e-01
2.133333e-01 2.166667e-01 2.200000e-01 6.929050e-01
2.200000e-01 2.233333e-01 2.266667e-01 7.127262e-01
2.266667e-01 2.300000e-01 2.333333e-01 7.321421e-01
2.333333e-01 2.366667e-01 2.400000e-01 7.511410e-01
2.400000e-01 2.433333e-01 2.466667e-01 7.697122e-01
2.466667e-01 2.500000e-01 2.533333e-01 7.878460e-01
2.533333e-01 2.566667e-01 2.600000e-01 8.055333e-01
2.600000e-01 2.633333e-01 2.666667e-01 8.227663e-01
2.666667e-01 2.700000e-01 2.733333e-01 8.395377e-01
2.733333e-01 2.766667e-01 2.800000e-01 8.558411e-01
2.800000e-01 2.833333e-01 2.866667e-01 8.716707e-01
2.866667e-01 2.900000e-01 2.933333e-01 8.870216e-01
2.933333e-01 2.966667e-01 3.000000e-01 9.018896e-01
3.000000e-01 3.033333e-01 3.066667e-01 9.162710e-01
3.066667e-01 3.100000e-01 3.133333e-01 9.301629e-01
3.133333e-01 3.166667e-01 3.200000e-01 9.435629e-01
3.200000e-01 3.233333e-01 3.266667e-01 9.564692e-01
3.266667e-01 3.300000e-01 3.333333e-01 9.688808e-01
3.333333e-01 3.366667e-01 3.400000e-01 9.807969e-01
3.400000e-01 3.433333e-01 3.466667e-01 9.922175e-01
3.466667e-01 3.500000e-01 3.533333e-01 1.003143e+00
3.533333e-01 3.566667e-01 3.600000e-01 1.013574e+00
3.600000e-01 3.633333e-01 3.666667e-01 1.023512e+00
3.666667e-01 3.700000e-01 3.733333e-01 1.032959e+00
3.733333e-01 3.766667e-01 3.800000e-01 1.041917e+00
3.800000e-01 3.833333e-01 3.866667e-01 1.050388e+00
3.866667e-01 3.900000e-01 3.933333e-01 1.058376e+00
3.933333e-01 3.966667e-01 4.000000e-01 1.065884e+00
4.000000e-01 4.033333e-01 4.066667e-01 1.072916e+00
4.066667e-01 4.100000e-01 4.133333e-01 1.079475e+00
4.133333e-01 4.166667e-01 4.200000e-01 1.085566e+00
4.200000e-01 4.233333e-01 4.266667e-01 1.091193e+00
4.266667e-01 4.300000e-01 4.333333e-01 1.096362e+00
4.333333e-01 4.366667e-01 4.400000e-01 1.101078e+00
4.400000e-01 4.433333e-01 4.466667e-01 1.105346e+00
4.466667e-01 4.500000e-01 4.533333e-01 1.109172e+00
4.533333e-01 4.566667e-01 4.600000e-01 1.112562e+00
4.600000e-01 4.633333e-01 4.666667e-01 1.115521e+00
4.666667e-01 4.700000e-01 4.733333e-01 1.118057e+00
4.733333e-01 4.766667e-01 4.800000e-01 1.120175e+00
4.800000e-01 4.833333e-01 4.866667e-01 1.121883e+00
4.866667e-01 4.900000e-01 4.933333e-01 1.123187e+00
4.933333e-01 4.966667e-01 5.000000e-01 1.124094e+00
5.000000e-01 5.033333e-01 5.066667e-01 1.124612e+00
5.066667e-01 5.100000e-01 5.133333e-01 1.124747e+00
5.133333e-01 5.166667e-01 5.200000e-01 1.124506e+00
5.200000e-01 5.233333e-01 5.266667e-01 1.123899e+00
5.266667e-01 5.300000e-01 5.333333e-01 1.122931e+00
5.333333e-01 5.366667e-01 5.400000e-01 1.121610e+00
5.400000e-01 5.433333e-01 5.466667e-01 1.119945e+00
5.466667e-01 5.500000e-01 5.533333e-01 1.117943e+00
5.533333e-01 5.566667e-01 5.600000e-01 1.115611e+00
5.600000e-01 5.633333e-01 5.666667e-01 1.112959e+00
5.666667e-01 5.700000e-01 5.733333e-01 1.109992e+00
5.733333e-01 5.766667e-01 5.800000e-01 1.106720e+00
5.800000e-01 5.833333e-01 5.866667e-01 1.103151e+00
5.866667e-01 5.900000e-01 5.933333e-01 1.099292e+00
5.933333e-01 5.966667e-01 6.000000e-01 1.095151e+00
6.000000e-01 6.033333e-01 6.066667e-01 1.090736e+00
6.066667e-01 6.100000e-01 6.133333e-01 1.086056e+00
6.133333e-01 6.166667e-01 6.200000e-01 1.081117e+00
6.200000e-01 6.233333e-01 6.266667e-01 1.075929e+00
6.266667e-01 6.300000e-01 6.333333e-01 1.070498e+00
6.333333e-01 6.366667e-01 6.400000e-01 1.064833e+00
6.400000e-01 6.433333e-01 6.466667e-01 1.058941e+00
6.466667e-01 6.500000e-01 6.533333e-01 1.052831e+00
6.533333e-01 6.566667e-01 6.600000e-01 1.046509e+00
6.600000e-01 6.633333e-01 6.666667e-01 1.039984e+00
6.666667e-01 6.700000e-01 6.733333e-01 1.033263e+00
6.733333e-01 6.766667e-01 6.800000e-01 1.026353e+00
6.800000e-01 6.833333e-01 6.866667e-01 1.019263e+00
6.866667e-01 6.900000e-01 6.933333e-01 1.011999e+00
6.933333e-01 6.966667e-01 7.000000e-01 1.004568e+00
7.000000e-01 7.033333e-01 7.066667e-01 9.969787e-01
7.066667e-01 7.100000e-01 7.133333e-01 9.892370e-01
7.133333e-01 7.166667e-01 7.200000e-01 9.813503e-01
7.200000e-01 7.233333e-01 7.266667e-01 9.733254e-01
7.266667e-01 7.300000e-01 7.333333e-01 9.651694e-01
7.333333e-01 7.366667e-01 7.400000e-01 9.568888e-01
7.400000e-01 7.433333e-01 7.466667e-01 9.484903e-01
7.466667e-01 7.500000e-01 7.533333e-01 9.399805e-01
7.533333e-01 7.566667e-01 7.600000e-01 9.313659e-01
7.600000e-01 7.633333e-01 7.666667e-01 9.226526e-01
7.666667e-01 7.700000e-01 7.733333e-01 9.138471e-01
7.733333e-01 7.766667e-01 7.800000e-01 9.049554e-01
7.800000e-01 7.833333e-01 7.866667e-01 8.959834e-01
7.866667e-01 7.900000e-01 7.933333e-01 8.869372e-01
7.933333e-01 7.966667e-01 8.000000e-01 8.778225e-01
8.000000e-01 8.033333e-01 8.066667e-01 8.686449e-01
8.066667e-01 8.100000e-01 8.133333e-01 8.594101e-01
8.133333e-01 8.166667e-01 8.200000e-01 8.501234e-01
8.200000e-01 8.233333e-01 8.266667e-01 8.407902e-01
8.266667e-01 8.300000e-01 8.333333e-01 8.314157e-01
8.333333e-01 8.366667e-01 8.400000e-01 8.220051e-01
8.400000e-01 8.433333e-01 8.466667e-01 8.125631e-01
8.466667e-01 8.500000e-01 8.533333e-01 8.030949e-01
8.533333e-01 8.566667e-01 8.600000e-01 7.936050e-01
8.600000e-01 8.633333e-01 8.666667e-01 7.840981e-01
8.666667e-01 8.700000e-01 8.733333e-01 7.745787e-01
8.733333e-01 8.766667e-01 8.800000e-01 7.650513e-01
8.800000e-01 8.833333e-01 8.866667e-01 7.555201e-01
8.866667e-01 8.900000e-01 8.933333e-01 7.459892e-01
8.933333e-01 8.966667e-01 9.000000e-01 7.364627e-01
9.000000e-01 9.033333e-01 9.066667e-01 7.269445e-01
9.066667e-01 9.100000e-01 9.133333e-01 7.174386e-01
9.133333e-01 9.166667e-01 9.200000e-01 7.079485e-01
9.200000e-01 9.233333e-01 9.266667e-01 6.984778e-01
9.266667e-01 9.300000e-01 9.333333e-01 6.890301e-01
9.333333e-01 9.366667e-01 9.400000e-01 6.796088e-01
9.400000e-01 9.433333e-01 9.466667e-01 6.702170e-01
9.466667e-01 9.500000e-01 9.533333e-01 6.608580e-01
9.533333e-01 9.566667e-01 9.600000e-01 6.515348e-01
9.600000e-01 9.633333e-01 9.666667e-01 6.422503e-01
9.666667e-01 9.700000e-01 9.733333e-01 6.330074e-01
9.733333e-01 9.766667e-01 9.800000e-01 6.238089e-01
9.800000e-01 9.833333e-01 9.866667e-01 6.146573e-01
9.866667e-01 9.900000e-01 9.933333e-01 6.055552e-01
9.933333e-01 9.966667e-01 1.000000e+00 5.965050e-01
1.000000e+00 1.003333e+00 1.006667e+00 5.875091e-01
1.006667e+00 1.010000e+00 1.013333e+00 5.785697e-01
1.013333e+00 1.016667e+00 1.020000e+00 5.696889e-01
1.020000e+00 1.023333e+00 1.026667e+00 5.608689e-01
1.026667e+00 1.030000e+00 1.033333e+00 5.521115e-01
1.033333e+00 1.036667e+00 1.040000e+00 5.434187e-01
1.040000e+00 1.043333e+00 1.046667e+00 5.347923e-01
1.046667e+00 1.050000e+00 1.053333e+00 5.262338e-01
1.053333e+00 1.056667e+00 1.060000e+00 5.177450e-01
1.060000e+00 1.063333e+00 1.066667e+00 5.093273e-01
1.066667e+00 1.070000e+00 1.073333e+00 5.009823e-01
1.073333e+00 1.076667e+00 1.080000e+00 4.927112e-01
1.080000e+00 1.083333e+00 1.086667e+00 4.845154e-01
1.086667e+00 1.090000e+00 1.093333e+00 4.763960e-01
1.093333e+00 1.096667e+00 1.100000e+00 4.683543e-01
1.100000e+00 1.103333e+00 1.106667e+00 4.603912e-01
1.106667e+00 1.110000e+00 1.113333e+00 4.525077e-01
1.113333e+00 1.116667e+00 1.120000e+00 4.447048e-01
1.120000e+00 1.123333e+00 1.126667e+00 4.369833e-01
1.126667e+00 1.130000e+00 1.133333e+00 4.293440e-01
1.133333e+00 1.136667e+00 1.140000e+00 4.217876e-01
1.140000e+00 1.143333e+00 1.146667e+00 4.143148e-01
1.146667e+00 1.150000e+00 1.153333e+00 4.069261e-01
1.153333e+00 1.156667e+00 1.160000e+00 3.996220e-01
1.160000e+00 1.163333e+00 1.166667e+00 3.924031e-01
1.166667e+00 1.170000e+00 1.173333e+00 3.852697e-01
1.173333e+00 1.176667e+00 1.180000e+00 3.782222e-01
1.180000e+00 1.183333e+00 1.186667e+00 3.712609e-01
1.186667e+00 1.190000e+00 1.193333e+00 3.643861e-01
1.193333e+00 1.196667e+00 1.200000e+00 3.575979e-01
1.200000e+00 1.203333e+00 1.206667e+00 3.508965e-01
1.206667e+00 1.210000e+00 1.213333e+00 3.442819e-01
1.213333e+00 1.216667e+00 1.220000e+00 3.377543e-01
1.220000e+00 1.223333e+00 1.226667e+00 3.313136e-01
1.226667e+00 1.230000e+00 1.233333e+00 3.249599e-01
1.233333e+00 1.236667e+00 1.240000e+00 3.186929e-01
1.240000e+00 1.243333e+00 1.246667e+00 3.125127e-01
1.246667e+00 1.250000e+00 1.253333e+00 3.064189e-01
1.253333e+00 1.256667e+00 1.260000e+00 3.004116e-01
1.260000e+00 1.263333e+00 1.266667e+00 2.944903e-01
1.266667e+00 1.270000e+00 1.273333e+00 2.886548e-01
1.273333e+00 1.276667e+00 1.280000e+00 2.829049e-01
1.280000e+00 1.283333e+00 1.286667e+00 2.772402e-01
1.286667e+00 1.290000e+00 1.293333e+00 2.716603e-01
1.293333e+00 1.296667e+00 1.300000e+00 2.661648e-01
1.300000e+00 1.303333e+00 1.306667e+00 2.607533e-01
1.306667e+00 1.310000e+00 1.313333e+00 2.554254e-01
1.313333e+00 1.316667e+00 1.320000e+00 2.501805e-01
1.320000e+00 1.323333e+00 1.326667e+00 2.450181e-01
1.326667e+00 1.330000e+00 1.333333e+00 2.399378e-01
1.333333e+00 1.336667e+00 1.340000e+00 2.349389e-01
1.340000e+00 1.343333e+00 1.346667e+00 2.300209e-01
1.346667e+00 1.350000e+00 1.353333e+00 2.251832e-01
1.353333e+00 1.356667e+00 1.360000e+00 2.204252e-01
1.360000e+00 1.363333e+00 1.366667e+00 2.157461e-01
1.366667e+00 1.370000e+00 1.373333e+00 2.111455e-01
1.373333e+00 1.376667e+00 1.380000e+00 2.066226e-01
1.380000e+00 1.383333e+00 1.386667e+00 2.021766e-01
1.386667e+00 1.390000e+00 1.393333e+00 1.978070e-01
1.393333e+00 1.396667e+00 1.400000e+00 1.935130e-01
1.400000e+00 1.403333e+00 1.406667e+00 1.892938e-01
1.406667e+00 1.410000e+00 1.413333e+00 1.851488e-01
1.413333e+00 1.416667e+00 1.420000e+00 1.810772e-01
1.420000e+00 1.423333e+00 1.426667e+00 1.770781e-01
1.426667e+00 1.430000e+00 1.433333e+00 1.731509e-01
1.433333e+00 1.436667e+00 1.440000e+00 1.692948e-01
1.440000e+00 1.443333e+00 1.446667e+00 1.655089e-01
1.446667e+00 1.450000e+00 1.453333e+00 1.617924e-01
1.453333e+00 1.456667e+00 1.460000e+00 1.581446e-01
1.460000e+00 1.463333e+00 1.466667e+00 1.545647e-01
1.466667e+00 1.470000e+00 1.473333e+00 1.510518e-01
1.473333e+00 1.476667e+00 1.480000e+00 1.476051e-01
1.480000e+00 1.483333e+00 1.486667e+00 1.442238e-01
1.486667e+00 1.490000e+00 1.493333e+00 1.409071e-01
1.493333e+00 1.496667e+00 1.500000e+00 1.376540e-01
1.500000e+00 1.503333e+00 1.506667e+00 1.344639e-01
1.506667e+00 1.510000e+00 1.513333e+00 1.313358e-01
1.513333e+00 1.516667e+00 1.520000e+00 1.282689e-01
1.520000e+00 1.523333e+00 1.526667e+00 1.252624e-01
1.526667e+00 1.530000e+00 1.533333e+00 1.223155e-01
1.533333e+00 1.536667e+00 1.540000e+00 1.194272e-01
1.540000e+00 1.543333e+00 1.546667e+00 1.165969e-01
1.546667e+00 1.550000e+00 1.553333e+00 1.138235e-01
1.553333e+00 1.556667e+00 1.560000e+00 1.111064e-01
1.560000e+00 1.563333e+00 1.566667e+00 1.084446e-01
1.566667e+00 1.570000e+00 1.573333e+00 1.058373e-01
1.573333e+00 1.576667e+00 1.580000e+00 1.032837e-01
1.580000e+00 1.583333e+00 1.586667e+00 1.007831e-01
1.586667e+00 1.590000e+00 1.593333e+00 9.833446e-02
1.593333e+00 1.596667e+00 1.600000e+00 9.593710e-02
1.600000e+00 1.603333e+00 1.606667e+00 9.359017e-02
1.606667e+00 1.610000e+00 1.613333e+00 9.129287e-02
1.613333e+00 1.616667e+00 1.620000e+00 8.904439e-02
1.620000e+00 1.623333e+00 1.626667e+00 8.684393e-02
1.626667e+00 1.630000e+00 1.633333e+00 8.469071e-02
1.633333e+00 1.636667e+00 1.640000e+00 8.258394e-02
1.640000e+00 1.643333e+00 1.646667e+00 8.052283e-02
1.646667e+00 1.650000e+00 1.653333e+00 7.850661e-02
1.653333e+00 1.656667e+00 1.660000e+00 7.653451e-02
1.660000e+00 1.663333e+00 1.666667e+00 7.460576e-02
1.666667e+00 1.670000e+00 1.673333e+00 7.271962e-02
1.673333e+00 1.676667e+00 1.680000e+00 7.087534e-02
1.680000e+00 1.683333e+00 1.686667e+00 6.907216e-02
1.686667e+00 1.690000e+00 1.693333e+00 6.730936e-02
1.693333e+00 1.696667e+00 1.700000e+00 6.558621e-02
1.700000e+00 1.703333e+00 1.706667e+00 6.390199e-02
1.706667e+00 1.710000e+00 1.713333e+00 6.225598e-02
1.713333e+00 1.716667e+00 1.720000e+00 6.064749e-02
1.720000e+00 1.723333e+00 1.726667e+00 5.907581e-02
1.726667e+00 1.730000e+00 1.733333e+00 5.754025e-02
1.733333e+00 1.736667e+00 1.740000e+00 5.604013e-02
1.740000e+00 1.743333e+00 1.746667e+00 5.457479e-02
1.746667e+00 1.750000e+00 1.753333e+00 5.314355e-02
1.753333e+00 1.756667e+00 1.760000e+00 5.174575e-02
1.760000e+00 1.763333e+00 1.766667e+00 5.038076e-02
1.766667e+00 1.770000e+00 1.773333e+00 4.904792e-02
1.773333e+00 1.776667e+00 1.780000e+00 4.774660e-02
1.780000e+00 1.783333e+00 1.786667e+00 4.647619e-02
1.786667e+00 1.790000e+00 1.793333e+00 4.523606e-02
1.793333e+00 1.796667e+00 1.800000e+00 4.402562e-02
1.800000e+00 1.803333e+00 1.806667e+00 4.284425e-02
1.806667e+00 1.810000e+00 1.813333e+00 4.169137e-02
1.813333e+00 1.816667e+00 1.820000e+00 4.056640e-02
1.820000e+00 1.823333e+00 1.826667e+00 3.946877e-02
1.826667e+00 1.830000e+00 1.833333e+00 3.839791e-02
1.833333e+00 1.836667e+00 1.840000e+00 3.735326e-02
1.840000e+00 1.843333e+00 1.846667e+00 3.633427e-02
1.846667e+00 1.850000e+00 1.853333e+00 3.534041e-02
1.853333e+00 1.856667e+00 1.860000e+00 3.437115e-02
1.860000e+00 1.863333e+00 1.866667e+00 3.342596e-02
1.866667e+00 1.870000e+00 1.873333e+00 3.250432e-02
1.873333e+00 1.876667e+00 1.880000e+00 3.160574e-02
1.880000e+00 1.883333e+00 1.886667e+00 3.072971e-02
1.886667e+00 1.890000e+00 1.893333e+00 2.987574e-02
1.893333e+00 1.896667e+00 1.900000e+00 2.904336e-02
1.900000e+00 1.903333e+00 1.906667e+00 2.823208e-02
1.906667e+00 1.910000e+00 1.913333e+00 2.744144e-02
1.913333e+00 1.916667e+00 1.920000e+00 2.667099e-02
1.920000e+00 1.923333e+00 1.926667e+00 2.592027e-02
1.926667e+00 1.930000e+00 1.933333e+00 2.518884e-02
1.933333e+00 1.936667e+00 1.940000e+00 2.447628e-02
1.940000e+00 1.943333e+00 1.946667e+00 2.378214e-02
1.946667e+00 1.950000e+00 1.953333e+00 2.310602e-02
1.953333e+00 1.956667e+00 1.960000e+00 2.244750e-02
1.960000e+00 1.963333e+00 1.966667e+00 2.180618e-02
1.966667e+00 1.970000e+00 1.973333e+00 2.118166e-02
1.973333e+00 1.976667e+00 1.980000e+00 2.057356e-02
1.980000e+00 1.983333e+00 1.986667e+00 1.998148e-02
1.986667e+00 1.990000e+00 1.993333e+00 1.940507e-02
1.993333e+00 1.996667e+00 2.000000e+00 1.884394e-02
