0.000000e+00 5.833333e-03 1.166667e-02 6.184377e-04
1.166667e-02 1.750000e-02 2.333333e-02 5.353640e-03
2.333333e-02 2.916667e-02 3.500000e-02 1.430400e-02
3.500000e-02 4.083333e-02 4.666667e-02 2.696648e-02
4.666667e-02 5.250000e-02 5.833333e-02 4.287696e-02
5.833333e-02 6.416667e-02 7.000000e-02 6.160772e-02
7.000000e-02 7.583333e-02 8.166667e-02 8.276510e-02
8.166667e-02 8.750000e-02 9.333333e-02 1.059873e-01
9.333333e-02 9.916667e-02 1.050000e-01 1.309423e-01
1.050000e-01 1.108333e-01 1.166667e-01 1.573258e-01
1.166667e-01 1.225000e-01 1.283333e-01 1.848597e-01
1.283333e-01 1.341667e-01 1.400000e-01 2.132898e-01
1.400000e-01 1.458333e-01 1.516667e-01 2.423847e-01
1.516667e-01 1.575000e-01 1.633333e-01 2.719340e-01
1.633333e-01 1.691667e-01 1.750000e-01 3.017468e-01
1.750000e-01 1.808333e-01 1.866667e-01 3.316507e-01
1.866667e-01 1.925000e-01 1.983333e-01 3.614899e-01
1.983333e-01 2.041667e-01 2.100000e-01 3.911246e-01
2.100000e-01 2.158333e-01 2.216667e-01 4.204295e-01
2.216667e-01 2.275000e-01 2.333333e-01 4.492931e-01
2.333333e-01 2.391667e-01 2.450000e-01 4.776162e-01
2.450000e-01 2.508333e-01 2.566667e-01 5.053113e-01
2.566667e-01 2.625000e-01 2.683333e-01 5.323017e-01
2.683333e-01 2.741667e-01 2.800000e-01 5.585208e-01
2.800000e-01 2.858333e-01 2.916667e-01 5.839109e-01
2.916667e-01 2.975000e-01 3.033333e-01 6.084229e-01
3.033333e-01 3.091667e-01 3.150000e-01 6.320154e-01
3.150000e-01 3.208333e-01 3.266667e-01 6.546544e-01
3.266667e-01 3.325000e-01 3.383333e-01 6.763122e-01
3.383333e-01 3.441667e-01 3.500000e-01 6.969671e-01
3.500000e-01 3.558333e-01 3.616667e-01 7.166031e-01
3.616667e-01 3.675000e-01 3.733333e-01 7.352091e-01
3.733333e-01 3.791667e-01 3.850000e-01 7.527786e-01
3.850000e-01 3.908333e-01 3.966667e-01 7.693092e-01
3.966667e-01 4.025000e-01 4.083333e-01 7.848023e-01
4.083333e-01 4.141667e-01 4.200000e-01 7.992628e-01
4.200000e-01 4.258333e-01 4.316667e-01 8.126983e-01
4.316667e-01 4.375000e-01 4.433333e-01 8.251197e-01
4.433333e-01 4.491667e-01 4.550000e-01 8.365399e-01
4.550000e-01 4.608333e-01 4.666667e-01 8.469741e-01
4.666667e-01 4.725000e-01 4.783333e-01 8.564396e-01
4.783333e-01 4.841667e-01 4.900000e-01 8.649553e-01
4.900000e-01 4.958333e-01 5.016667e-01 8.725416e-01
5.016667e-01 5.075000e-01 5.133333e-01 8.792200e-01
5.133333e-01 5.191667e-01 5.250000e-01 8.850133e-01
5.250000e-01 5.308333e-01 5.366667e-01 8.899454e-01
5.366667e-01 5.425000e-01 5.483333e-01 8.940406e-01
5.483333e-01 5.541667e-01 5.600000e-01 8.973241e-01
5.600000e-01 5.658333e-01 5.716667e-01 8.998215e-01
5.716667e-01 5.775000e-01 5.833333e-01 9.015588e-01
5.833333e-01 5.891667e-01 5.950000e-01 9.025623e-01
5.950000e-01 6.008333e-01 6.066667e-01 9.028584e-01
6.066667e-01 6.125000e-01 6.183333e-01 9.024737e-01
6.183333e-01 6.241667e-01 6.300000e-01 9.014347e-01
6.300000e-01 6.358333e-01 6.416667e-01 8.997679e-01
6.416667e-01 6.475000e-01 6.533333e-01 8.974995e-01
6.533333e-01 6.591667e-01 6.650000e-01 8.946557e-01
6.650000e-01 6.708333e-01 6.766667e-01 8.912622e-01
6.766667e-01 6.825000e-01 6.883333e-01 8.873446e-01
6.883333e-01 6.941667e-01 7.000000e-01 8.829280e-01
7.000000e-01 7.058333e-01 7.116667e-01 8.780371e-01
7.116667e-01 7.175000e-01 7.233333e-01 8.726963e-01
7.233333e-01 7.291667e-01 7.350000e-01 8.669293e-01
7.350000e-01 7.408333e-01 7.466667e-01 8.607596e-01
7.466667e-01 7.525000e-01 7.583333e-01 8.542100e-01
7.583333e-01 7.641667e-01 7.700000e-01 8.473027e-01
7.700000e-01 7.758333e-01 7.816667e-01 8.400595e-01
7.816667e-01 7.875000e-01 7.933333e-01 8.325016e-01
7.933333e-01 7.991667e-01 8.050000e-01 8.246495e-01
8.050000e-01 8.108333e-01 8.166667e-01 8.165235e-01
8.166667e-01 8.225000e-01 8.283333e-01 8.081427e-01
8.283333e-01 8.341667e-01 8.400000e-01 7.995262e-01
8.400000e-01 8.458333e-01 8.516667e-01 7.906921e-01
8.516667e-01 8.575000e-01 8.633333e-01 7.816581e-01
8.633333e-01 8.691667e-01 8.750000e-01 7.724412e-01
8.750000e-01 8.808333e-01 8.866667e-01 7.630580e-01
8.866667e-01 8.925000e-01 8.983333e-01 7.535244e-01
8.983333e-01 9.041667e-01 9.100000e-01 7.438556e-01
9.100000e-01 9.158333e-01 9.216667e-01 7.340663e-01
9.216667e-01 9.275000e-01 9.333333e-01 7.241708e-01
9.333333e-01 9.391667e-01 9.450000e-01 7.141826e-01
9.450000e-01 9.508333e-01 9.566667e-01 7.041149e-01
9.566667e-01 9.625000e-01 9.683333e-01 6.939800e-01
9.683333e-01 9.741667e-01 9.800000e-01 6.837901e-01
9.800000e-01 9.858333e-01 9.916667e-01 6.735565e-01
9.916667e-01 9.975000e-01 1.003333e+00 6.632902e-01
1.003333e+00 1.009167e+00 1.015000e+00 6.530018e-01
1.015000e+00 1.020833e+00 1.026667e+00 6.427011e-01
1.026667e+00 1.032500e+00 1.038333e+00 6.323976e-01
1.038333e+00 1.044167e+00 1.050000e+00 6.221005e-01
1.050000e+00 1.055833e+00 1.061667e+00 6.118182e-01
1.061667e+00 1.067500e+00 1.073333e+00 6.015589e-01
1.073333e+00 1.079167e+00 1.085000e+00 5.913304e-01
1.085000e+00 1.090833e+00 1.096667e+00 5.811400e-01
1.096667e+00 1.102500e+00 1.108333e+00 5.709945e-01
1.108333e+00 1.114167e+00 1.120000e+00 5.609005e-01
1.120000e+00 1.125833e+00 1.131667e+00 5.508641e-01
1.131667e+00 1.137500e+00 1.143333e+00 5.408911e-01
1.143333e+00 1.149167e+00 1.155000e+00 5.309870e-01
1.155000e+00 1.160833e+00 1.166667e+00 5.211567e-01
1.166667e+00 1.172500e+00 1.178333e+00 5.114051e-01
1.178333e+00 1.184167e+00 1.190000e+00 5.017366e-01
1.190000e+00 1.195833e+00 1.201667e+00 4.921553e-01
1.201667e+00 1.207500e+00 1.213333e+00 4.826651e-01
1.213333e+00 1.219167e+00 1.225000e+00 4.732696e-01
1.225000e+00 1.230833e+00 1.236667e+00 4.639719e-01
1.236667e+00 1.242500e+00 1.248333e+00 4.547752e-01
1.248333e+00 1.254167e+00 1.260000e+00 4.456822e-01
1.260000e+00 1.265833e+00 1.271667e+00 4.366953e-01
1.271667e+00 1.277500e+00 1.283333e+00 4.278171e-01
1.283333e+00 1.289167e+00 1.295000e+00 4.190494e-01
1.295000e+00 1.300833e+00 1.306667e+00 4.103941e-01
1.306667e+00 1.312500e+00 1.318333e+00 4.018530e-01
1.318333e+00 1.324167e+00 1.330000e+00 3.934275e-01
1.330000e+00 1.335833e+00 1.341667e+00 3.851188e-01
1.341667e+00 1.347500e+00 1.353333e+00 3.769280e-01
1.353333e+00 1.359167e+00 1.365000e+00 3.688562e-01
1.365000e+00 1.370833e+00 1.376667e+00 3.609040e-01
1.376667e+00 1.382500e+00 1.388333e+00 3.530722e-01
1.388333e+00 1.394167e+00 1.400000e+00 3.453611e-01
1.400000e+00 1.405833e+00 1.411667e+00 3.377711e-01
1.411667e+00 1.417500e+00 1.423333e+00 3.303023e-01
1.423333e+00 1.429167e+00 1.435000e+00 3.229550e-01
1.435000e+00 1.440833e+00 1.446667e+00 3.157291e-01
1.446667e+00 1.452500e+00 1.458333e+00 3.086243e-01
1.458333e+00 1.464167e+00 1.470000e+00 3.016405e-01
1.470000e+00 1.475833e+00 1.481667e+00 2.947773e-01
1.481667e+00 1.487500e+00 1.493333e+00 2.880342e-01
1.493333e+00 1.499167e+00 1.505000e+00 2.814108e-01
1.505000e+00 1.510833e+00 1.516667e+00 2.749064e-01
1.516667e+00 1.522500e+00 1.528333e+00 2.685203e-01
1.528333e+00 1.534167e+00 1.540000e+00 2.622517e-01
1.540000e+00 1.545833e+00 1.551667e+00 2.560999e-01
1.551667e+00 1.557500e+00 1.563333e+00 2.500638e-01
1.563333e+00 1.569167e+00 1.575000e+00 2.441427e-01
1.575000e+00 1.580833e+00 1.586667e+00 2.383354e-01
1.586667e+00 1.592500e+00 1.598333e+00 2.326408e-01
1.598333e+00 1.604167e+00 1.610000e+00 2.270580e-01
1.610000e+00 1.615833e+00 1.621667e+00 2.215857e-01
1.621667e+00 1.627500e+00 1.633333e+00 2.162227e-01
1.633333e+00 1.639167e+00 1.645000e+00 2.109679e-01
1.645000e+00 1.650833e+00 1.656667e+00 2.058199e-01
1.656667e+00 1.662500e+00 1.668333e+00 2.007775e-01
1.668333e+00 1.674167e+00 1.680000e+00 1.958393e-01
1.680000e+00 1.685833e+00 1.691667e+00 1.910040e-01
1.691667e+00 1.697500e+00 1.703333e+00 1.862703e-01
1.703333e+00 1.709167e+00 1.715000e+00 1.816367e-01
1.715000e+00 1.720833e+00 1.726667e+00 1.771019e-01
1.726667e+00 1.732500e+00 1.738333e+00 1.726644e-01
1.738333e+00 1.744167e+00 1.750000e+00 1.683228e-01
1.750000e+00 1.755833e+00 1.761667e+00 1.640758e-01
1.761667e+00 1.767500e+00 1.773333e+00 1.599217e-01
1.773333e+00 1.779167e+00 1.785000e+00 1.558593e-01
1.785000e+00 1.790833e+00 1.796667e+00 1.518870e-01
1.796667e+00 1.802500e+00 1.808333e+00 1.480033e-01
1.808333e+00 1.814167e+00 1.820000e+00 1.442069e-01
1.820000e+00 1.825833e+00 1.831667e+00 1.404963e-01
1.831667e+00 1.837500e+00 1.843333e+00 1.368699e-01
1.843333e+00 1.849167e+00 1.855000e+00 1.333264e-01
1.855000e+00 1.860833e+00 1.866667e+00 1.298643e-01
1.866667e+00 1.872500e+00 1.878333e+00 1.264821e-01
1.878333e+00 1.884167e+00 1.890000e+00 1.231785e-01
1.890000e+00 1.895833e+00 1.901667e+00 1.199520e-01
1.901667e+00 1.907500e+00 1.913333e+00 1.168011e-01
1.913333e+00 1.919167e+00 1.925000e+00 1.137245e-01
1.925000e+00 1.930833e+00 1.936667e+00 1.107207e-01
1.936667e+00 1.942500e+00 1.948333e+00 1.077885e-01
1.948333e+00 1.954167e+00 1.960000e+00 1.049262e-01
1.960000e+00 1.965833e+00 1.971667e+00 1.021328e-01
1.971667e+00 1.977500e+00 1.983333e+00 9.940666e-02
1.983333e+00 1.989167e+00 1.995000e+00 9.674658e-02
1.995000e+00 2.000833e+00 2.006667e+00 9.415120e-02
2.006667e+00 2.012500e+00 2.018333e+00 9.161922e-02
2.018333e+00 2.024167e+00 2.030000e+00 8.914933e-02
2.030000e+00 2.035833e+00 2.041667e+00 8.674027e-02
2.041667e+00 2.047500e+00 2.053333e+00 8.439077e-02
2.053333e+00 2.059167e+00 2.065000e+00 8.209957e-02
2.065000e+00 2.070833e+00 2.076667e+00 7.986545e-02
2.076667e+00 2.082500e+00 2.088333e+00 7.768719e-02
2.088333e+00 2.094167e+00 2.100000e+00 7.556361e-02
2.100000e+00 2.105833e+00 2.111667e+00 7.349350e-02
2.111667e+00 2.117500e+00 2.123333e+00 7.147572e-02
2.123333e+00 2.129167e+00 2.135000e+00 6.950912e-02
2.135000e+00 2.140833e+00 2.146667e+00 6.759257e-02
2.146667e+00 2.152500e+00 2.158333e+00 6.572496e-02
2.158333e+00 2.164167e+00 2.170000e+00 6.390520e-02
2.170000e+00 2.175833e+00 2.181667e+00 6.213221e-02
2.181667e+00 2.187500e+00 2.193333e+00 6.040494e-02
2.193333e+00 2.199167e+00 2.205000e+00 5.872235e-02
2.205000e+00 2.210833e+00 2.216667e+00 5.708341e-02
2.216667e+00 2.222500e+00 2.228333e+00 5.548712e-02
2.228333e+00 2.234167e+00 2.240000e+00 5.393250e-02
2.240000e+00 2.245833e+00 2.251667e+00 5.241858e-02
2.251667e+00 2.257500e+00 2.263333e+00 5.094440e-02
2.263333e+00 2.269167e+00 2.275000e+00 4.950904e-02
2.275000e+00 2.280833e+00 2.286667e+00 4.811158e-02
2.286667e+00 2.292500e+00 2.298333e+00 4.675111e-02
2.298333e+00 2.304167e+00 2.310000e+00 4.542677e-02
2.310000e+00 2.315833e+00 2.321667e+00 4.413767e-02
2.321667e+00 2.327500e+00 2.333333e+00 4.288298e-02
2.333333e+00 2.339167e+00 2.345000e+00 4.166186e-02
2.345000e+00 2.350833e+00 2.356667e+00 4.047350e-02
2.356667e+00 2.362500e+00 2.368333e+00 3.931711e-02
2.368333e+00 2.374167e+00 2.380000e+00 3.819188e-02
2.380000e+00 2.385833e+00 2.391667e+00 3.709707e-02
2.391667e+00 2.397500e+00 2.403333e+00 3.603192e-02
2.403333e+00 2.409167e+00 2.415000e+00 3.499570e-02
2.415000e+00 2.420833e+00 2.426667e+00 3.398768e-02
2.426667e+00 2.432500e+00 2.438333e+00 3.300716e-02
2.438333e+00 2.444167e+00 2.450000e+00 3.205346e-02
2.450000e+00 2.455833e+00 2.461667e+00 3.112589e-02
2.461667e+00 2.467500e+00 2.473333e+00 3.022381e-02
2.473333e+00 2.479167e+00 2.485000e+00 2.934655e-02
2.485000e+00 2.490833e+00 2.496667e+00 2.849349e-02
2.496667e+00 2.502500e+00 2.508333e+00 2.766402e-02
2.508333e+00 2.514167e+00 2.520000e+00 2.685753e-02
2.520000e+00 2.525833e+00 2.531667e+00 2.607342e-02
2.531667e+00 2.537500e+00 2.543333e+00 2.531113e-02
2.543333e+00 2.549167e+00 2.555000e+00 2.457009e-02
2.555000e+00 2.560833e+00 2.566667e+00 2.384974e-02
2.566667e+00 2.572500e+00 2.578333e+00 2.314955e-02
2.578333e+00 2.584167e+00 2.590000e+00 2.246899e-02
2.590000e+00 2.595833e+00 2.601667e+00 2.180755e-02
2.601667e+00 2.607500e+00 2.613333e+00 2.116473e-02
2.613333e+00 2.619167e+00 2.625000e+00 2.054003e-02
2.625000e+00 2.630833e+00 2.636667e+00 1.993298e-02
2.636667e+00 2.642500e+00 2.648333e+00 1.934311e-02
2.648333e+00 2.654167e+00 2.660000e+00 1.876997e-02
2.660000e+00 2.665833e+00 2.671667e+00 1.821310e-02
2.671667e+00 2.677500e+00 2.683333e+00 1.767208e-02
2.683333e+00 2.689167e+00 2.695000e+00 1.714648e-02
2.695000e+00 2.700833e+00 2.706667e+00 1.663588e-02
2.706667e+00 2.712500e+00 2.718333e+00 1.613989e-02
2.718333e+00 2.724167e+00 2.730000e+00 1.565810e-02
2.730000e+00 2.735833e+00 2.741667e+00 1.519014e-02
2.741667e+00 2.747500e+00 2.753333e+00 1.473563e-02
2.753333e+00 2.759167e+00 2.765000e+00 1.429420e-02
2.765000e+00 2.770833e+00 2.776667e+00 1.386550e-02
2.776667e+00 2.782500e+00 2.788333e+00 1.344919e-02
2.788333e+00 2.794167e+00 2.800000e+00 1.304491e-02
2.800000e+00 2.805833e+00 2.811667e+00 1.265234e-02
2.811667e+00 2.817500e+00 2.823333e+00 1.227116e-02
2.823333e+00 2.829167e+00 2.835000e+00 1.190106e-02
2.835000e+00 2.840833e+00 2.846667e+00 1.154173e-02
2.846667e+00 2.852500e+00 2.858333e+00 1.119287e-02
2.858333e+00 2.864167e+00 2.870000e+00 1.085419e-02
2.870000e+00 2.875833e+00 2.881667e+00 1.052541e-02
2.881667e+00 2.887500e+00 2.893333e+00 1.020626e-02
2.893333e+00 2.899167e+00 2.905000e+00 9.896456e-03
2.905000e+00 2.910833e+00 2.916667e+00 9.595747e-03
2.916667e+00 2.922500e+00 2.928333e+00 9.303876e-03
2.928333e+00 2.934167e+00 2.940000e+00 9.020595e-03
2.940000e+00 2.945833e+00 2.951667e+00 8.745663e-03
2.951667e+00 2.957500e+00 2.963333e+00 8.478845e-03
2.963333e+00 2.969167e+00 2.975000e+00 8.219911e-03
2.975000e+00 2.980833e+00 2.986667e+00 7.968638e-03
2.986667e+00 2.992500e+00 2.998333e+00 7.724810e-03
2.998333e+00 3.004167e+00 3.010000e+00 7.488215e-03
3.010000e+00 3.015833e+00 3.021667e+00 7.258647e-03
3.021667e+00 3.027500e+00 3.033333e+00 7.035907e-03
3.033333e+00 3.039167e+00 3.045000e+00 6.819799e-03
3.045000e+00 3.050833e+00 3.056667e+00 6.610135e-03
3.056667e+00 3.062500e+00 3.068333e+00 6.406728e-03
3.068333e+00 3.074167e+00 3.080000e+00 6.209401e-03
3.080000e+00 3.085833e+00 3.091667e+00 6.017978e-03
3.091667e+00 3.097500e+00 3.103333e+00 5.832289e-03
3.103333e+00 3.109167e+00 3.115000e+00 5.652170e-03
3.115000e+00 3.120833e+00 3.126667e+00 5.477459e-03
3.126667e+00 3.132500e+00 3.138333e+00 5.308000e-03
3.138333e+00 3.144167e+00 3.150000e+00 5.143641e-03
3.150000e+00 3.155833e+00 3.161667e+00 4.984234e-03
3.161667e+00 3.167500e+00 3.173333e+00 4.829635e-03
3.173333e+00 3.179167e+00 3.185000e+00 4.679704e-03
3.185000e+00 3.190833e+00 3.196667e+00 4.534306e-03
3.196667e+00 3.202500e+00 3.208333e+00 4.393308e-03
3.208333e+00 3.214167e+00 3.220000e+00 4.256581e-03
3.220000e+00 3.225833e+00 3.231667e+00 4.124001e-03
3.231667e+00 3.237500e+00 3.243333e+00 3.995446e-03
3.243333e+00 3.249167e+00 3.255000e+00 3.870797e-03
3.255000e+00 3.260833e+00 3.266667e+00 3.749941e-03
3.266667e+00 3.272500e+00 3.278333e+00 3.632765e-03
3.278333e+00 3.284167e+00 3.290000e+00 3.519161e-03
3.290000e+00 3.295833e+00 3.301667e+00 3.409024e-03
3.301667e+00 3.307500e+00 3.313333e+00 3.302250e-03
3.313333e+00 3.319167e+00 3.325000e+00 3.198742e-03
3.325000e+00 3.330833e+00 3.336667e+00 3.098401e-03
3.336667e+00 3.342500e+00 3.348333e+00 3.001134e-03
3.348333e+00 3.354167e+00 3.360000e+00 2.906850e-03
3.360000e+00 3.365833e+00 3.371667e+00 2.815460e-03
3.371667e+00 3.377500e+00 3.383333e+00 2.726877e-03
3.383333e+00 3.389167e+00 3.395000e+00 2.641019e-03
3.395000e+00 3.400833e+00 3.406667e+00 2.557803e-03
3.406667e+00 3.412500e+00 3.418333e+00 2.477151e-03
3.418333e+00 3.424167e+00 3.430000e+00 2.398986e-03
3.430000e+00 3.435833e+00 3.441667e+00 2.323234e-03
3.441667e+00 3.447500e+00 3.453333e+00 2.249822e-03
3.453333e+00 3.459167e+00 3.465000e+00 2.178679e-03
3.465000e+00 3.470833e+00 3.476667e+00 2.109738e-03
3.476667e+00 3.482500e+00 3.488333e+00 2.042933e-03
3.488333e+00 3.494167e+00 3.500000e+00 1.978198e-03
