0 0.0996605 0.199321 2.158571
0.199321 0.298981 0.398641 3.748598
0.398641 0.4983015 0.597962 5.092724
0.597962 0.697622 0.797282 9.559558
0.797282 0.8969425 0.996603 5.085592
0.996603 1.096261 1.19592 6.61811
1.19592 1.29558 1.39524 5.142669
1.39524 1.4949 1.59456 5.143223
1.59456 1.69422 1.79388 2.629831
1.79388 1.893545 1.99321 3.395799
1.99321 2.09287 2.19253 2.632709
2.19253 2.29219 2.39185 2.167177
2.39185 2.49151 2.59117 1.910431
2.59117 2.69083 2.79049 1.795064
2.79049 2.89015 2.98981 0.6422954
2.98981 3.08947 3.18913 1.042645
3.18913 3.28879 3.38845 0.6873989
3.38845 3.48811 3.58777 0.5942914
3.58777 3.68743 3.78709 0.2418869
3.78709 3.88675 3.98641 0.09913111
