0.000000e+00 5.833332e-03 1.166666e-02 9.000988e-03
1.166666e-02 1.749999e-02 2.333333e-02 3.563507e-02
2.333333e-02 2.916666e-02 3.499999e-02 6.677924e-02
3.499999e-02 4.083332e-02 4.666665e-02 1.001990e-01
4.666665e-02 5.249998e-02 5.833332e-02 1.348469e-01
5.833332e-02 6.416665e-02 6.999998e-02 1.700856e-01
6.999998e-02 7.583331e-02 8.166664e-02 2.054807e-01
8.166664e-02 8.749997e-02 9.333331e-02 2.407170e-01
9.333331e-02 9.916664e-02 1.050000e-01 2.755572e-01
1.050000e-01 1.108333e-01 1.166666e-01 3.098183e-01
1.166666e-01 1.225000e-01 1.283333e-01 3.433570e-01
1.283333e-01 1.341666e-01 1.400000e-01 3.760608e-01
1.400000e-01 1.458333e-01 1.516666e-01 4.078406e-01
1.516666e-01 1.575000e-01 1.633333e-01 4.386268e-01
1.633333e-01 1.691666e-01 1.749999e-01 4.683650e-01
1.749999e-01 1.808333e-01 1.866666e-01 4.970138e-01
1.866666e-01 1.924999e-01 1.983333e-01 5.245426e-01
1.983333e-01 2.041666e-01 2.099999e-01 5.509295e-01
2.099999e-01 2.158333e-01 2.216666e-01 5.761605e-01
2.216666e-01 2.274999e-01 2.333333e-01 6.002281e-01
2.333333e-01 2.391666e-01 2.449999e-01 6.231302e-01
2.449999e-01 2.508333e-01 2.566666e-01 6.448696e-01
2.566666e-01 2.624999e-01 2.683333e-01 6.654531e-01
2.683333e-01 2.741666e-01 2.799999e-01 6.848910e-01
2.799999e-01 2.858333e-01 2.916666e-01 7.031969e-01
2.916666e-01 2.974999e-01 3.033332e-01 7.203865e-01
3.033332e-01 3.091666e-01 3.149999e-01 7.364781e-01
3.149999e-01 3.208332e-01 3.266666e-01 7.514917e-01
3.266666e-01 3.324999e-01 3.383332e-01 7.654489e-01
3.383332e-01 3.441666e-01 3.499999e-01 7.783727e-01
3.499999e-01 3.558332e-01 3.616666e-01 7.902872e-01
3.616666e-01 3.674999e-01 3.733332e-01 8.012173e-01
3.733332e-01 3.791666e-01 3.849999e-01 8.111889e-01
3.849999e-01 3.908332e-01 3.966666e-01 8.202280e-01
3.966666e-01 4.024999e-01 4.083332e-01 8.283616e-01
4.083332e-01 4.141665e-01 4.199999e-01 8.356166e-01
4.199999e-01 4.258332e-01 4.316665e-01 8.420203e-01
4.316665e-01 4.374999e-01 4.433332e-01 8.476001e-01
4.433332e-01 4.491665e-01 4.549999e-01 8.523832e-01
4.549999e-01 4.608332e-01 4.666665e-01 8.563970e-01
4.666665e-01 4.724999e-01 4.783332e-01 8.596687e-01
4.783332e-01 4.841665e-01 4.899999e-01 8.622252e-01
4.899999e-01 4.958332e-01 5.016665e-01 8.640933e-01
5.016665e-01 5.074999e-01 5.133332e-01 8.652993e-01
5.133332e-01 5.191665e-01 5.249998e-01 8.658695e-01
5.249998e-01 5.308332e-01 5.366665e-01 8.658294e-01
5.366665e-01 5.424998e-01 5.483332e-01 8.652044e-01
5.483332e-01 5.541665e-01 5.599998e-01 8.640194e-01
5.599998e-01 5.658332e-01 5.716665e-01 8.622987e-01
5.716665e-01 5.774998e-01 5.833332e-01 8.600664e-01
5.833332e-01 5.891665e-01 5.949998e-01 8.573458e-01
5.949998e-01 6.008332e-01 6.066665e-01 8.541598e-01
6.066665e-01 6.124998e-01 6.183332e-01 8.505309e-01
6.183332e-01 6.241665e-01 6.299998e-01 8.464809e-01
6.299998e-01 6.358332e-01 6.416665e-01 8.420312e-01
6.416665e-01 6.474998e-01 6.533331e-01 8.372024e-01
6.533331e-01 6.591665e-01 6.649998e-01 8.320148e-01
6.649998e-01 6.708331e-01 6.766665e-01 8.264882e-01
6.766665e-01 6.824998e-01 6.883331e-01 8.206416e-01
6.883331e-01 6.941665e-01 6.999998e-01 8.144935e-01
6.999998e-01 7.058331e-01 7.116665e-01 8.080620e-01
7.116665e-01 7.174998e-01 7.233331e-01 8.013646e-01
7.233331e-01 7.291665e-01 7.349998e-01 7.944182e-01
7.349998e-01 7.408331e-01 7.466665e-01 7.872392e-01
7.466665e-01 7.524998e-01 7.583331e-01 7.798434e-01
7.583331e-01 7.641664e-01 7.699998e-01 7.722461e-01
7.699998e-01 7.758331e-01 7.816664e-01 7.644623e-01
7.816664e-01 7.874998e-01 7.933331e-01 7.565062e-01
7.933331e-01 7.991664e-01 8.049998e-01 7.483915e-01
8.049998e-01 8.108331e-01 8.166664e-01 7.401317e-01
8.166664e-01 8.224998e-01 8.283331e-01 7.317394e-01
8.283331e-01 8.341664e-01 8.399998e-01 7.232272e-01
8.399998e-01 8.458331e-01 8.516664e-01 7.146068e-01
8.516664e-01 8.574998e-01 8.633331e-01 7.058897e-01
8.633331e-01 8.691664e-01 8.749997e-01 6.970868e-01
8.749997e-01 8.808331e-01 8.866664e-01 6.882088e-01
8.866664e-01 8.924997e-01 8.983331e-01 6.792656e-01
8.983331e-01 9.041664e-01 9.099997e-01 6.702671e-01
9.099997e-01 9.158331e-01 9.216664e-01 6.612225e-01
9.216664e-01 9.274997e-01 9.333331e-01 6.521406e-01
9.333331e-01 9.391664e-01 9.449997e-01 6.430300e-01
9.449997e-01 9.508331e-01 9.566664e-01 6.338989e-01
9.566664e-01 9.624997e-01 9.683331e-01 6.247549e-01
9.683331e-01 9.741664e-01 9.799997e-01 6.156056e-01
9.799997e-01 9.858331e-01 9.916664e-01 6.064579e-01
9.916664e-01 9.974997e-01 1.003333e+00 5.973186e-01
1.003333e+00 1.009166e+00 1.015000e+00 5.881940e-01
1.015000e+00 1.020833e+00 1.026666e+00 5.790904e-01
1.026666e+00 1.032500e+00 1.038333e+00 5.700134e-01
1.038333e+00 1.044166e+00 1.050000e+00 5.609685e-01
1.050000e+00 1.055833e+00 1.061666e+00 5.519609e-01
1.061666e+00 1.067500e+00 1.073333e+00 5.429956e-01
1.073333e+00 1.079166e+00 1.085000e+00 5.340772e-01
1.085000e+00 1.090833e+00 1.096666e+00 5.252100e-01
1.096666e+00 1.102500e+00 1.108333e+00 5.163982e-01
1.108333e+00 1.114166e+00 1.120000e+00 5.076456e-01
1.120000e+00 1.125833e+00 1.131666e+00 4.989561e-01
1.131666e+00 1.137500e+00 1.143333e+00 4.903328e-01
1.143333e+00 1.149166e+00 1.155000e+00 4.817792e-01
1.155000e+00 1.160833e+00 1.166666e+00 4.732981e-01
1.166666e+00 1.172500e+00 1.178333e+00 4.648923e-01
1.178333e+00 1.184166e+00 1.190000e+00 4.565645e-01
1.190000e+00 1.195833e+00 1.201666e+00 4.483171e-01
1.201666e+00 1.207500e+00 1.213333e+00 4.401522e-01
1.213333e+00 1.219166e+00 1.225000e+00 4.320720e-01
1.225000e+00 1.230833e+00 1.236666e+00 4.240784e-01
1.236666e+00 1.242500e+00 1.248333e+00 4.161729e-01
1.248333e+00 1.254166e+00 1.260000e+00 4.083573e-01
1.260000e+00 1.265833e+00 1.271666e+00 4.006330e-01
1.271666e+00 1.277500e+00 1.283333e+00 3.930011e-01
1.283333e+00 1.289166e+00 1.295000e+00 3.854630e-01
1.295000e+00 1.300833e+00 1.306666e+00 3.780195e-01
1.306666e+00 1.312500e+00 1.318333e+00 3.706716e-01
1.318333e+00 1.324166e+00 1.330000e+00 3.634201e-01
1.330000e+00 1.335833e+00 1.341666e+00 3.562655e-01
1.341666e+00 1.347500e+00 1.353333e+00 3.492085e-01
1.353333e+00 1.359166e+00 1.365000e+00 3.422495e-01
1.365000e+00 1.370833e+00 1.376666e+00 3.353889e-01
1.376666e+00 1.382500e+00 1.388333e+00 3.286268e-01
1.388333e+00 1.394166e+00 1.400000e+00 3.219635e-01
1.400000e+00 1.405833e+00 1.411666e+00 3.153990e-01
1.411666e+00 1.417500e+00 1.423333e+00 3.089333e-01
1.423333e+00 1.429166e+00 1.435000e+00 3.025664e-01
1.435000e+00 1.440833e+00 1.446666e+00 2.962981e-01
1.446666e+00 1.452500e+00 1.458333e+00 2.901281e-01
1.458333e+00 1.464166e+00 1.470000e+00 2.840561e-01
1.470000e+00 1.475833e+00 1.481666e+00 2.780819e-01
1.481666e+00 1.487500e+00 1.493333e+00 2.722050e-01
1.493333e+00 1.499166e+00 1.505000e+00 2.664249e-01
1.505000e+00 1.510833e+00 1.516666e+00 2.607411e-01
1.516666e+00 1.522500e+00 1.528333e+00 2.551531e-01
1.528333e+00 1.534166e+00 1.540000e+00 2.496602e-01
1.540000e+00 1.545833e+00 1.551666e+00 2.442617e-01
1.551666e+00 1.557500e+00 1.563333e+00 2.389570e-01
1.563333e+00 1.569166e+00 1.575000e+00 2.337454e-01
1.575000e+00 1.580833e+00 1.586666e+00 2.286260e-01
1.586666e+00 1.592500e+00 1.598333e+00 2.235980e-01
1.598333e+00 1.604166e+00 1.610000e+00 2.186607e-01
1.610000e+00 1.615833e+00 1.621666e+00 2.138131e-01
1.621666e+00 1.627500e+00 1.633333e+00 2.090543e-01
1.633333e+00 1.639166e+00 1.645000e+00 2.043835e-01
1.645000e+00 1.650833e+00 1.656666e+00 1.997997e-01
1.656666e+00 1.662500e+00 1.668333e+00 1.953019e-01
1.668333e+00 1.674166e+00 1.680000e+00 1.908892e-01
1.680000e+00 1.685833e+00 1.691666e+00 1.865605e-01
1.691666e+00 1.697500e+00 1.703333e+00 1.823149e-01
1.703333e+00 1.709166e+00 1.715000e+00 1.781514e-01
1.715000e+00 1.720833e+00 1.726666e+00 1.740688e-01
1.726666e+00 1.732500e+00 1.738333e+00 1.700662e-01
1.738333e+00 1.744166e+00 1.749999e+00 1.661425e-01
1.749999e+00 1.755833e+00 1.761666e+00 1.622967e-01
1.761666e+00 1.767499e+00 1.773333e+00 1.585276e-01
1.773333e+00 1.779166e+00 1.784999e+00 1.548342e-01
1.784999e+00 1.790833e+00 1.796666e+00 1.512155e-01
1.796666e+00 1.802499e+00 1.808333e+00 1.476703e-01
1.808333e+00 1.814166e+00 1.819999e+00 1.441975e-01
1.819999e+00 1.825833e+00 1.831666e+00 1.407962e-01
1.831666e+00 1.837499e+00 1.843333e+00 1.374651e-01
1.843333e+00 1.849166e+00 1.854999e+00 1.342032e-01
1.854999e+00 1.860833e+00 1.866666e+00 1.310095e-01
1.866666e+00 1.872499e+00 1.878333e+00 1.278828e-01
1.878333e+00 1.884166e+00 1.889999e+00 1.248220e-01
1.889999e+00 1.895833e+00 1.901666e+00 1.218262e-01
1.901666e+00 1.907499e+00 1.913333e+00 1.188942e-01
1.913333e+00 1.919166e+00 1.924999e+00 1.160250e-01
1.924999e+00 1.930833e+00 1.936666e+00 1.132175e-01
1.936666e+00 1.942499e+00 1.948333e+00 1.104706e-01
1.948333e+00 1.954166e+00 1.959999e+00 1.077834e-01
1.959999e+00 1.965833e+00 1.971666e+00 1.051547e-01
1.971666e+00 1.977499e+00 1.983333e+00 1.025836e-01
1.983333e+00 1.989166e+00 1.994999e+00 1.000691e-01
1.994999e+00 2.000833e+00 2.006666e+00 9.761005e-02
2.006666e+00 2.012499e+00 2.018333e+00 9.520554e-02
2.018333e+00 2.024166e+00 2.029999e+00 9.285456e-02
2.029999e+00 2.035833e+00 2.041666e+00 9.055612e-02
2.041666e+00 2.047499e+00 2.053333e+00 8.830925e-02
2.053333e+00 2.059166e+00 2.064999e+00 8.611299e-02
2.064999e+00 2.070833e+00 2.076666e+00 8.396639e-02
2.076666e+00 2.082499e+00 2.088333e+00 8.186850e-02
2.088333e+00 2.094166e+00 2.099999e+00 7.981840e-02
2.099999e+00 2.105833e+00 2.111666e+00 7.781516e-02
2.111666e+00 2.117499e+00 2.123333e+00 7.585787e-02
2.123333e+00 2.129166e+00 2.134999e+00 7.394564e-02
2.134999e+00 2.140833e+00 2.146666e+00 7.207758e-02
2.146666e+00 2.152499e+00 2.158333e+00 7.025281e-02
2.158333e+00 2.164166e+00 2.169999e+00 6.847048e-02
2.169999e+00 2.175833e+00 2.181666e+00 6.672974e-02
2.181666e+00 2.187499e+00 2.193333e+00 6.502973e-02
2.193333e+00 2.199166e+00 2.204999e+00 6.336965e-02
2.204999e+00 2.210833e+00 2.216666e+00 6.174867e-02
2.216666e+00 2.222499e+00 2.228333e+00 6.016599e-02
2.228333e+00 2.234166e+00 2.239999e+00 5.862082e-02
2.239999e+00 2.245833e+00 2.251666e+00 5.711237e-02
2.251666e+00 2.257499e+00 2.263333e+00 5.563990e-02
2.263333e+00 2.269166e+00 2.274999e+00 5.420263e-02
2.274999e+00 2.280833e+00 2.286666e+00 5.279982e-02
2.286666e+00 2.292499e+00 2.298333e+00 5.143076e-02
2.298333e+00 2.304166e+00 2.309999e+00 5.009470e-02
2.309999e+00 2.315833e+00 2.321666e+00 4.879096e-02
2.321666e+00 2.327499e+00 2.333333e+00 4.751883e-02
2.333333e+00 2.339166e+00 2.344999e+00 4.627763e-02
2.344999e+00 2.350833e+00 2.356666e+00 4.506669e-02
2.356666e+00 2.362499e+00 2.368333e+00 4.388535e-02
2.368333e+00 2.374166e+00 2.379999e+00 4.273296e-02
2.379999e+00 2.385833e+00 2.391666e+00 4.160888e-02
2.391666e+00 2.397499e+00 2.403333e+00 4.051249e-02
2.403333e+00 2.409166e+00 2.414999e+00 3.944317e-02
2.414999e+00 2.420833e+00 2.426666e+00 3.840032e-02
2.426666e+00 2.432499e+00 2.438333e+00 3.738334e-02
2.438333e+00 2.444166e+00 2.449999e+00 3.639166e-02
2.449999e+00 2.455833e+00 2.461666e+00 3.542471e-02
2.461666e+00 2.467499e+00 2.473333e+00 3.448191e-02
2.473333e+00 2.479166e+00 2.484999e+00 3.356273e-02
2.484999e+00 2.490833e+00 2.496666e+00 3.266663e-02
2.496666e+00 2.502499e+00 2.508333e+00 3.179308e-02
2.508333e+00 2.514166e+00 2.519999e+00 3.094155e-02
2.519999e+00 2.525833e+00 2.531666e+00 3.011155e-02
2.531666e+00 2.537499e+00 2.543333e+00 2.930257e-02
2.543333e+00 2.549166e+00 2.554999e+00 2.851412e-02
2.554999e+00 2.560833e+00 2.566666e+00 2.774573e-02
2.566666e+00 2.572499e+00 2.578333e+00 2.699693e-02
2.578333e+00 2.584166e+00 2.589999e+00 2.626726e-02
2.589999e+00 2.595833e+00 2.601666e+00 2.555626e-02
2.601666e+00 2.607499e+00 2.613333e+00 2.486350e-02
2.613333e+00 2.619166e+00 2.624999e+00 2.418854e-02
2.624999e+00 2.630833e+00 2.636666e+00 2.353097e-02
2.636666e+00 2.642499e+00 2.648333e+00 2.289036e-02
2.648333e+00 2.654166e+00 2.659999e+00 2.226632e-02
2.659999e+00 2.665833e+00 2.671666e+00 2.165844e-02
2.671666e+00 2.677499e+00 2.683333e+00 2.106634e-02
2.683333e+00 2.689166e+00 2.694999e+00 2.048963e-02
2.694999e+00 2.700833e+00 2.706666e+00 1.992795e-02
2.706666e+00 2.712499e+00 2.718333e+00 1.938092e-02
2.718333e+00 2.724166e+00 2.729999e+00 1.884820e-02
2.729999e+00 2.735833e+00 2.741666e+00 1.832943e-02
2.741666e+00 2.747499e+00 2.753333e+00 1.782428e-02
2.753333e+00 2.759166e+00 2.764999e+00 1.733241e-02
2.764999e+00 2.770833e+00 2.776666e+00 1.685348e-02
2.776666e+00 2.782499e+00 2.788333e+00 1.638720e-02
2.788333e+00 2.794166e+00 2.799999e+00 1.593323e-02
2.799999e+00 2.805833e+00 2.811666e+00 1.549128e-02
2.811666e+00 2.817499e+00 2.823333e+00 1.506105e-02
2.823333e+00 2.829166e+00 2.834999e+00 1.464225e-02
2.834999e+00 2.840833e+00 2.846666e+00 1.423459e-02
2.846666e+00 2.852499e+00 2.858333e+00 1.383779e-02
2.858333e+00 2.864166e+00 2.869999e+00 1.345158e-02
2.869999e+00 2.875833e+00 2.881666e+00 1.307570e-02
2.881666e+00 2.887499e+00 2.893333e+00 1.270988e-02
2.893333e+00 2.899166e+00 2.904999e+00 1.235388e-02
2.904999e+00 2.910833e+00 2.916666e+00 1.200743e-02
2.916666e+00 2.922499e+00 2.928332e+00 1.167031e-02
2.928332e+00 2.934166e+00 2.939999e+00 1.134227e-02
2.939999e+00 2.945832e+00 2.951666e+00 1.102309e-02
2.951666e+00 2.957499e+00 2.963332e+00 1.071252e-02
2.963332e+00 2.969166e+00 2.974999e+00 1.041037e-02
2.974999e+00 2.980832e+00 2.986666e+00 1.011641e-02
2.986666e+00 2.992499e+00 2.998332e+00 9.830421e-03
2.998332e+00 3.004166e+00 3.009999e+00 9.552212e-03
3.009999e+00 3.015832e+00 3.021666e+00 9.281577e-03
3.021666e+00 3.027499e+00 3.033332e+00 9.018321e-03
3.033332e+00 3.039166e+00 3.044999e+00 8.762253e-03
3.044999e+00 3.050832e+00 3.056666e+00 8.513187e-03
3.056666e+00 3.062499e+00 3.068332e+00 8.270939e-03
3.068332e+00 3.074166e+00 3.079999e+00 8.035334e-03
3.079999e+00 3.085832e+00 3.091666e+00 7.806198e-03
3.091666e+00 3.097499e+00 3.103332e+00 7.583361e-03
3.103332e+00 3.109166e+00 3.114999e+00 7.366658e-03
3.114999e+00 3.120832e+00 3.126666e+00 7.155930e-03
3.126666e+00 3.132499e+00 3.138332e+00 6.951019e-03
3.138332e+00 3.144166e+00 3.149999e+00 6.751771e-03
3.149999e+00 3.155832e+00 3.161666e+00 6.558037e-03
3.161666e+00 3.167499e+00 3.173332e+00 6.369673e-03
3.173332e+00 3.179166e+00 3.184999e+00 6.186535e-03
3.184999e+00 3.190832e+00 3.196666e+00 6.008485e-03
3.196666e+00 3.202499e+00 3.208332e+00 5.835388e-03
3.208332e+00 3.214166e+00 3.219999e+00 5.667113e-03
3.219999e+00 3.225832e+00 3.231666e+00 5.503530e-03
3.231666e+00 3.237499e+00 3.243332e+00 5.344514e-03
3.243332e+00 3.249166e+00 3.254999e+00 5.189945e-03
3.254999e+00 3.260832e+00 3.266666e+00 5.039701e-03
3.266666e+00 3.272499e+00 3.278332e+00 4.893668e-03
3.278332e+00 3.284166e+00 3.289999e+00 4.751733e-03
3.289999e+00 3.295832e+00 3.301666e+00 4.613784e-03
3.301666e+00 3.307499e+00 3.313332e+00 4.479715e-03
3.313332e+00 3.319166e+00 3.324999e+00 4.349421e-03
3.324999e+00 3.330832e+00 3.336666e+00 4.222800e-03
3.336666e+00 3.342499e+00 3.348332e+00 4.099753e-03
3.348332e+00 3.354166e+00 3.359999e+00 3.980182e-03
3.359999e+00 3.365832e+00 3.371666e+00 3.863993e-03
3.371666e+00 3.377499e+00 3.383332e+00 3.751095e-03
3.383332e+00 3.389166e+00 3.394999e+00 3.641397e-03
3.394999e+00 3.400832e+00 3.406666e+00 3.534813e-03
3.406666e+00 3.412499e+00 3.418332e+00 3.431256e-03
3.418332e+00 3.424166e+00 3.429999e+00 3.330646e-03
3.429999e+00 3.435832e+00 3.441666e+00 3.232900e-03
3.441666e+00 3.447499e+00 3.453332e+00 3.137941e-03
3.453332e+00 3.459166e+00 3.464999e+00 3.045691e-03
3.464999e+00 3.470832e+00 3.476666e+00 2.956077e-03
3.476666e+00 3.482499e+00 3.488332e+00 2.869025e-03
3.488332e+00 3.494166e+00 3.499999e+00 2.784465e-03
