0.000000e+00 5.833332e-03 1.166666e-02 6.388278e-03
1.166666e-02 1.749999e-02 2.333333e-02 2.522020e-02
2.333333e-02 2.916666e-02 3.499999e-02 4.718204e-02
3.499999e-02 4.083332e-02 4.666665e-02 7.072279e-02
4.666665e-02 5.249998e-02 5.833332e-02 9.512967e-02
5.833332e-02 6.416665e-02 6.999998e-02 1.199763e-01
6.999998e-02 7.583331e-02 8.166664e-02 1.449765e-01
8.166664e-02 8.749997e-02 9.333331e-02 1.699249e-01
9.333331e-02 9.916664e-02 1.050000e-01 1.946689e-01
1.050000e-01 1.108333e-01 1.166666e-01 2.190912e-01
1.166666e-01 1.225000e-01 1.283333e-01 2.431010e-01
1.283333e-01 1.341666e-01 1.400000e-01 2.666268e-01
1.400000e-01 1.458333e-01 1.516666e-01 2.896123e-01
1.516666e-01 1.575000e-01 1.633333e-01 3.120130e-01
1.633333e-01 1.691666e-01 1.749999e-01 3.337942e-01
1.749999e-01 1.808333e-01 1.866666e-01 3.549288e-01
1.866666e-01 1.924999e-01 1.983333e-01 3.753964e-01
1.983333e-01 2.041666e-01 2.099999e-01 3.951819e-01
2.099999e-01 2.158333e-01 2.216666e-01 4.142747e-01
2.216666e-01 2.274999e-01 2.333333e-01 4.326681e-01
2.333333e-01 2.391666e-01 2.449999e-01 4.503586e-01
2.449999e-01 2.508333e-01 2.566666e-01 4.673456e-01
2.566666e-01 2.624999e-01 2.683333e-01 4.836307e-01
2.683333e-01 2.741666e-01 2.799999e-01 4.992176e-01
2.799999e-01 2.858333e-01 2.916666e-01 5.141119e-01
2.916666e-01 2.974999e-01 3.033332e-01 5.283204e-01
3.033332e-01 3.091666e-01 3.149999e-01 5.418514e-01
3.149999e-01 3.208332e-01 3.266666e-01 5.547143e-01
3.266666e-01 3.324999e-01 3.383332e-01 5.669193e-01
3.383332e-01 3.441666e-01 3.499999e-01 5.784775e-01
3.499999e-01 3.558332e-01 3.616666e-01 5.894006e-01
3.616666e-01 3.674999e-01 3.733332e-01 5.997009e-01
3.733332e-01 3.791666e-01 3.849999e-01 6.093912e-01
3.849999e-01 3.908332e-01 3.966666e-01 6.184846e-01
3.966666e-01 4.024999e-01 4.083332e-01 6.269946e-01
4.083332e-01 4.141665e-01 4.199999e-01 6.349348e-01
4.199999e-01 4.258332e-01 4.316665e-01 6.423192e-01
4.316665e-01 4.374999e-01 4.433332e-01 6.491615e-01
4.433332e-01 4.491665e-01 4.549999e-01 6.554761e-01
4.549999e-01 4.608332e-01 4.666665e-01 6.612768e-01
4.666665e-01 4.724999e-01 4.783332e-01 6.665779e-01
4.783332e-01 4.841665e-01 4.899999e-01 6.713934e-01
4.899999e-01 4.958332e-01 5.016665e-01 6.757373e-01
5.016665e-01 5.074999e-01 5.133332e-01 6.796236e-01
5.133332e-01 5.191665e-01 5.249998e-01 6.830660e-01
5.249998e-01 5.308332e-01 5.366665e-01 6.860782e-01
5.366665e-01 5.424998e-01 5.483332e-01 6.886738e-01
5.483332e-01 5.541665e-01 5.599998e-01 6.908661e-01
5.599998e-01 5.658332e-01 5.716665e-01 6.926684e-01
5.716665e-01 5.774998e-01 5.833332e-01 6.940936e-01
5.833332e-01 5.891665e-01 5.949998e-01 6.951545e-01
5.949998e-01 6.008332e-01 6.066665e-01 6.958638e-01
6.066665e-01 6.124998e-01 6.183332e-01 6.962338e-01
6.183332e-01 6.241665e-01 6.299998e-01 6.962768e-01
6.299998e-01 6.358332e-01 6.416665e-01 6.960045e-01
6.416665e-01 6.474998e-01 6.533331e-01 6.954289e-01
6.533331e-01 6.591665e-01 6.649998e-01 6.945612e-01
6.649998e-01 6.708331e-01 6.766665e-01 6.934127e-01
6.766665e-01 6.824998e-01 6.883331e-01 6.919945e-01
6.883331e-01 6.941665e-01 6.999998e-01 6.903173e-01
6.999998e-01 7.058331e-01 7.116665e-01 6.883916e-01
7.116665e-01 7.174998e-01 7.233331e-01 6.862276e-01
7.233331e-01 7.291665e-01 7.349998e-01 6.838354e-01
7.349998e-01 7.408331e-01 7.466665e-01 6.812248e-01
7.466665e-01 7.524998e-01 7.583331e-01 6.784053e-01
7.583331e-01 7.641664e-01 7.699998e-01 6.753862e-01
7.699998e-01 7.758331e-01 7.816664e-01 6.721765e-01
7.816664e-01 7.874998e-01 7.933331e-01 6.687852e-01
7.933331e-01 7.991664e-01 8.049998e-01 6.652208e-01
8.049998e-01 8.108331e-01 8.166664e-01 6.614917e-01
8.166664e-01 8.224998e-01 8.283331e-01 6.576059e-01
8.283331e-01 8.341664e-01 8.399998e-01 6.535715e-01
8.399998e-01 8.458331e-01 8.516664e-01 6.493961e-01
8.516664e-01 8.574998e-01 8.633331e-01 6.450873e-01
8.633331e-01 8.691664e-01 8.749997e-01 6.406521e-01
8.749997e-01 8.808331e-01 8.866664e-01 6.360978e-01
8.866664e-01 8.924997e-01 8.983331e-01 6.314311e-01
8.983331e-01 9.041664e-01 9.099997e-01 6.266587e-01
9.099997e-01 9.158331e-01 9.216664e-01 6.217870e-01
9.216664e-01 9.274997e-01 9.333331e-01 6.168222e-01
9.333331e-01 9.391664e-01 9.449997e-01 6.117705e-01
9.449997e-01 9.508331e-01 9.566664e-01 6.066375e-01
9.566664e-01 9.624997e-01 9.683331e-01 6.014290e-01
9.683331e-01 9.741664e-01 9.799997e-01 5.961506e-01
9.799997e-01 9.858331e-01 9.916664e-01 5.908074e-01
9.916664e-01 9.974997e-01 1.003333e+00 5.854046e-01
1.003333e+00 1.009166e+00 1.015000e+00 5.799471e-01
1.015000e+00 1.020833e+00 1.026666e+00 5.744398e-01
1.026666e+00 1.032500e+00 1.038333e+00 5.688873e-01
1.038333e+00 1.044166e+00 1.050000e+00 5.632941e-01
1.050000e+00 1.055833e+00 1.061666e+00 5.576644e-01
1.061666e+00 1.067500e+00 1.073333e+00 5.520024e-01
1.073333e+00 1.079166e+00 1.085000e+00 5.463121e-01
1.085000e+00 1.090833e+00 1.096666e+00 5.405974e-01
1.096666e+00 1.102500e+00 1.108333e+00 5.348620e-01
1.108333e+00 1.114166e+00 1.120000e+00 5.291095e-01
1.120000e+00 1.125833e+00 1.131666e+00 5.233434e-01
1.131666e+00 1.137500e+00 1.143333e+00 5.175668e-01
1.143333e+00 1.149166e+00 1.155000e+00 5.117831e-01
1.155000e+00 1.160833e+00 1.166666e+00 5.059954e-01
1.166666e+00 1.172500e+00 1.178333e+00 5.002064e-01
1.178333e+00 1.184166e+00 1.190000e+00 4.944192e-01
1.190000e+00 1.195833e+00 1.201666e+00 4.886363e-01
1.201666e+00 1.207500e+00 1.213333e+00 4.828604e-01
1.213333e+00 1.219166e+00 1.225000e+00 4.770940e-01
1.225000e+00 1.230833e+00 1.236666e+00 4.713394e-01
1.236666e+00 1.242500e+00 1.248333e+00 4.655990e-01
1.248333e+00 1.254166e+00 1.260000e+00 4.598748e-01
1.260000e+00 1.265833e+00 1.271666e+00 4.541691e-01
1.271666e+00 1.277500e+00 1.283333e+00 4.484838e-01
1.283333e+00 1.289166e+00 1.295000e+00 4.428208e-01
1.295000e+00 1.300833e+00 1.306666e+00 4.371819e-01
1.306666e+00 1.312500e+00 1.318333e+00 4.315689e-01
1.318333e+00 1.324166e+00 1.330000e+00 4.259833e-01
1.330000e+00 1.335833e+00 1.341666e+00 4.204268e-01
1.341666e+00 1.347500e+00 1.353333e+00 4.149008e-01
1.353333e+00 1.359166e+00 1.365000e+00 4.094067e-01
1.365000e+00 1.370833e+00 1.376666e+00 4.039459e-01
1.376666e+00 1.382500e+00 1.388333e+00 3.985196e-01
1.388333e+00 1.394166e+00 1.400000e+00 3.931290e-01
1.400000e+00 1.405833e+00 1.411666e+00 3.877753e-01
1.411666e+00 1.417500e+00 1.423333e+00 3.824595e-01
1.423333e+00 1.429166e+00 1.435000e+00 3.771827e-01
1.435000e+00 1.440833e+00 1.446666e+00 3.719456e-01
1.446666e+00 1.452500e+00 1.458333e+00 3.667493e-01
1.458333e+00 1.464166e+00 1.470000e+00 3.615946e-01
1.470000e+00 1.475833e+00 1.481666e+00 3.564821e-01
1.481666e+00 1.487500e+00 1.493333e+00 3.514127e-01
1.493333e+00 1.499166e+00 1.505000e+00 3.463870e-01
1.505000e+00 1.510833e+00 1.516666e+00 3.414057e-01
1.516666e+00 1.522500e+00 1.528333e+00 3.364692e-01
1.528333e+00 1.534166e+00 1.540000e+00 3.315781e-01
1.540000e+00 1.545833e+00 1.551666e+00 3.267330e-01
1.551666e+00 1.557500e+00 1.563333e+00 3.219341e-01
1.563333e+00 1.569166e+00 1.575000e+00 3.171820e-01
1.575000e+00 1.580833e+00 1.586666e+00 3.124770e-01
1.586666e+00 1.592500e+00 1.598333e+00 3.078193e-01
1.598333e+00 1.604166e+00 1.610000e+00 3.032093e-01
1.610000e+00 1.615833e+00 1.621666e+00 2.986473e-01
1.621666e+00 1.627500e+00 1.633333e+00 2.941334e-01
1.633333e+00 1.639166e+00 1.645000e+00 2.896677e-01
1.645000e+00 1.650833e+00 1.656666e+00 2.852506e-01
1.656666e+00 1.662500e+00 1.668333e+00 2.808820e-01
1.668333e+00 1.674166e+00 1.680000e+00 2.765621e-01
1.680000e+00 1.685833e+00 1.691666e+00 2.722908e-01
1.691666e+00 1.697500e+00 1.703333e+00 2.680684e-01
1.703333e+00 1.709166e+00 1.715000e+00 2.638947e-01
1.715000e+00 1.720833e+00 1.726666e+00 2.597697e-01
1.726666e+00 1.732500e+00 1.738333e+00 2.556935e-01
1.738333e+00 1.744166e+00 1.749999e+00 2.516659e-01
1.749999e+00 1.755833e+00 1.761666e+00 2.476869e-01
1.761666e+00 1.767499e+00 1.773333e+00 2.437563e-01
1.773333e+00 1.779166e+00 1.784999e+00 2.398740e-01
1.784999e+00 1.790833e+00 1.796666e+00 2.360399e-01
1.796666e+00 1.802499e+00 1.808333e+00 2.322539e-01
1.808333e+00 1.814166e+00 1.819999e+00 2.285157e-01
1.819999e+00 1.825833e+00 1.831666e+00 2.248251e-01
1.831666e+00 1.837499e+00 1.843333e+00 2.211820e-01
1.843333e+00 1.849166e+00 1.854999e+00 2.175861e-01
1.854999e+00 1.860833e+00 1.866666e+00 2.140372e-01
1.866666e+00 1.872499e+00 1.878333e+00 2.105350e-01
1.878333e+00 1.884166e+00 1.889999e+00 2.070793e-01
1.889999e+00 1.895833e+00 1.901666e+00 2.036698e-01
1.901666e+00 1.907499e+00 1.913333e+00 2.003062e-01
1.913333e+00 1.919166e+00 1.924999e+00 1.969881e-01
1.924999e+00 1.930833e+00 1.936666e+00 1.937154e-01
1.936666e+00 1.942499e+00 1.948333e+00 1.904876e-01
1.948333e+00 1.954166e+00 1.959999e+00 1.873045e-01
1.959999e+00 1.965833e+00 1.971666e+00 1.841657e-01
1.971666e+00 1.977499e+00 1.983333e+00 1.810709e-01
1.983333e+00 1.989166e+00 1.994999e+00 1.780197e-01
1.994999e+00 2.000833e+00 2.006666e+00 1.750118e-01
2.006666e+00 2.012499e+00 2.018333e+00 1.720468e-01
2.018333e+00 2.024166e+00 2.029999e+00 1.691243e-01
2.029999e+00 2.035833e+00 2.041666e+00 1.662440e-01
2.041666e+00 2.047499e+00 2.053333e+00 1.634054e-01
2.053333e+00 2.059166e+00 2.064999e+00 1.606083e-01
2.064999e+00 2.070833e+00 2.076666e+00 1.578521e-01
2.076666e+00 2.082499e+00 2.088333e+00 1.551366e-01
2.088333e+00 2.094166e+00 2.099999e+00 1.524613e-01
2.099999e+00 2.105833e+00 2.111666e+00 1.498258e-01
2.111666e+00 2.117499e+00 2.123333e+00 1.472298e-01
2.123333e+00 2.129166e+00 2.134999e+00 1.446727e-01
2.134999e+00 2.140833e+00 2.146666e+00 1.421543e-01
2.146666e+00 2.152499e+00 2.158333e+00 1.396740e-01
2.158333e+00 2.164166e+00 2.169999e+00 1.372316e-01
2.169999e+00 2.175833e+00 2.181666e+00 1.348265e-01
2.181666e+00 2.187499e+00 2.193333e+00 1.324584e-01
2.193333e+00 2.199166e+00 2.204999e+00 1.301268e-01
2.204999e+00 2.210833e+00 2.216666e+00 1.278314e-01
2.216666e+00 2.222499e+00 2.228333e+00 1.255717e-01
2.228333e+00 2.234166e+00 2.239999e+00 1.233473e-01
2.239999e+00 2.245833e+00 2.251666e+00 1.211578e-01
2.251666e+00 2.257499e+00 2.263333e+00 1.190028e-01
2.263333e+00 2.269166e+00 2.274999e+00 1.168819e-01
2.274999e+00 2.280833e+00 2.286666e+00 1.147946e-01
2.286666e+00 2.292499e+00 2.298333e+00 1.127406e-01
2.298333e+00 2.304166e+00 2.309999e+00 1.107194e-01
2.309999e+00 2.315833e+00 2.321666e+00 1.087306e-01
2.321666e+00 2.327499e+00 2.333333e+00 1.067738e-01
2.333333e+00 2.339166e+00 2.344999e+00 1.048487e-01
2.344999e+00 2.350833e+00 2.356666e+00 1.029548e-01
2.356666e+00 2.362499e+00 2.368333e+00 1.010916e-01
2.368333e+00 2.374166e+00 2.379999e+00 9.925888e-02
2.379999e+00 2.385833e+00 2.391666e+00 9.745615e-02
2.391666e+00 2.397499e+00 2.403333e+00 9.568302e-02
2.403333e+00 2.409166e+00 2.414999e+00 9.393911e-02
2.414999e+00 2.420833e+00 2.426666e+00 9.222401e-02
2.426666e+00 2.432499e+00 2.438333e+00 9.053734e-02
2.438333e+00 2.444166e+00 2.449999e+00 8.887871e-02
2.449999e+00 2.455833e+00 2.461666e+00 8.724774e-02
2.461666e+00 2.467499e+00 2.473333e+00 8.564404e-02
2.473333e+00 2.479166e+00 2.484999e+00 8.406724e-02
2.484999e+00 2.490833e+00 2.496666e+00 8.251696e-02
2.496666e+00 2.502499e+00 2.508333e+00 8.099282e-02
2.508333e+00 2.514166e+00 2.519999e+00 7.949446e-02
2.519999e+00 2.525833e+00 2.531666e+00 7.802151e-02
2.531666e+00 2.537499e+00 2.543333e+00 7.657360e-02
2.543333e+00 2.549166e+00 2.554999e+00 7.515037e-02
2.554999e+00 2.560833e+00 2.566666e+00 7.375147e-02
2.566666e+00 2.572499e+00 2.578333e+00 7.237653e-02
2.578333e+00 2.584166e+00 2.589999e+00 7.102522e-02
2.589999e+00 2.595833e+00 2.601666e+00 6.969718e-02
2.601666e+00 2.607499e+00 2.613333e+00 6.839206e-02
2.613333e+00 2.619166e+00 2.624999e+00 6.710953e-02
2.624999e+00 2.630833e+00 2.636666e+00 6.584925e-02
2.636666e+00 2.642499e+00 2.648333e+00 6.461087e-02
2.648333e+00 2.654166e+00 2.659999e+00 6.339408e-02
2.659999e+00 2.665833e+00 2.671666e+00 6.219855e-02
2.671666e+00 2.677499e+00 2.683333e+00 6.102394e-02
2.683333e+00 2.689166e+00 2.694999e+00 5.986995e-02
2.694999e+00 2.700833e+00 2.706666e+00 5.873625e-02
2.706666e+00 2.712499e+00 2.718333e+00 5.762253e-02
2.718333e+00 2.724166e+00 2.729999e+00 5.652847e-02
2.729999e+00 2.735833e+00 2.741666e+00 5.545379e-02
2.741666e+00 2.747499e+00 2.753333e+00 5.439816e-02
2.753333e+00 2.759166e+00 2.764999e+00 5.336129e-02
2.764999e+00 2.770833e+00 2.776666e+00 5.234289e-02
2.776666e+00 2.782499e+00 2.788333e+00 5.134267e-02
2.788333e+00 2.794166e+00 2.799999e+00 5.036032e-02
2.799999e+00 2.805833e+00 2.811666e+00 4.939558e-02
2.811666e+00 2.817499e+00 2.823333e+00 4.844816e-02
2.823333e+00 2.829166e+00 2.834999e+00 4.751778e-02
2.834999e+00 2.840833e+00 2.846666e+00 4.660416e-02
2.846666e+00 2.852499e+00 2.858333e+00 4.570704e-02
2.858333e+00 2.864166e+00 2.869999e+00 4.482614e-02
2.869999e+00 2.875833e+00 2.881666e+00 4.396121e-02
2.881666e+00 2.887499e+00 2.893333e+00 4.311197e-02
2.893333e+00 2.899166e+00 2.904999e+00 4.227819e-02
2.904999e+00 2.910833e+00 2.916666e+00 4.145959e-02
2.916666e+00 2.922499e+00 2.928332e+00 4.065593e-02
2.928332e+00 2.934166e+00 2.939999e+00 3.986697e-02
2.939999e+00 2.945832e+00 2.951666e+00 3.909245e-02
2.951666e+00 2.957499e+00 2.963332e+00 3.833215e-02
2.963332e+00 2.969166e+00 2.974999e+00 3.758581e-02
2.974999e+00 2.980832e+00 2.986666e+00 3.685321e-02
2.986666e+00 2.992499e+00 2.998332e+00 3.613412e-02
2.998332e+00 3.004166e+00 3.009999e+00 3.542831e-02
3.009999e+00 3.015832e+00 3.021666e+00 3.473555e-02
3.021666e+00 3.027499e+00 3.033332e+00 3.405563e-02
3.033332e+00 3.039166e+00 3.044999e+00 3.338832e-02
3.044999e+00 3.050832e+00 3.056666e+00 3.273341e-02
3.056666e+00 3.062499e+00 3.068332e+00 3.209070e-02
3.068332e+00 3.074166e+00 3.079999e+00 3.145996e-02
3.079999e+00 3.085832e+00 3.091666e+00 3.084100e-02
3.091666e+00 3.097499e+00 3.103332e+00 3.023361e-02
3.103332e+00 3.109166e+00 3.114999e+00 2.963759e-02
3.114999e+00 3.120832e+00 3.126666e+00 2.905275e-02
3.126666e+00 3.132499e+00 3.138332e+00 2.847889e-02
3.138332e+00 3.144166e+00 3.149999e+00 2.791583e-02
3.149999e+00 3.155832e+00 3.161666e+00 2.736337e-02
3.161666e+00 3.167499e+00 3.173332e+00 2.682133e-02
3.173332e+00 3.179166e+00 3.184999e+00 2.628952e-02
3.184999e+00 3.190832e+00 3.196666e+00 2.576777e-02
3.196666e+00 3.202499e+00 3.208332e+00 2.525590e-02
3.208332e+00 3.214166e+00 3.219999e+00 2.475374e-02
3.219999e+00 3.225832e+00 3.231666e+00 2.426111e-02
3.231666e+00 3.237499e+00 3.243332e+00 2.377785e-02
3.243332e+00 3.249166e+00 3.254999e+00 2.330379e-02
3.254999e+00 3.260832e+00 3.266666e+00 2.283877e-02
3.266666e+00 3.272499e+00 3.278332e+00 2.238262e-02
3.278332e+00 3.284166e+00 3.289999e+00 2.193519e-02
3.289999e+00 3.295832e+00 3.301666e+00 2.149632e-02
3.301666e+00 3.307499e+00 3.313332e+00 2.106586e-02
3.313332e+00 3.319166e+00 3.324999e+00 2.064366e-02
3.324999e+00 3.330832e+00 3.336666e+00 2.022957e-02
3.336666e+00 3.342499e+00 3.348332e+00 1.982344e-02
3.348332e+00 3.354166e+00 3.359999e+00 1.942513e-02
3.359999e+00 3.365832e+00 3.371666e+00 1.903449e-02
3.371666e+00 3.377499e+00 3.383332e+00 1.865140e-02
3.383332e+00 3.389166e+00 3.394999e+00 1.827571e-02
3.394999e+00 3.400832e+00 3.406666e+00 1.790729e-02
3.406666e+00 3.412499e+00 3.418332e+00 1.754600e-02
3.418332e+00 3.424166e+00 3.429999e+00 1.719171e-02
3.429999e+00 3.435832e+00 3.441666e+00 1.684431e-02
3.441666e+00 3.447499e+00 3.453332e+00 1.650365e-02
3.453332e+00 3.459166e+00 3.464999e+00 1.616962e-02
3.464999e+00 3.470832e+00 3.476666e+00 1.584210e-02
3.476666e+00 3.482499e+00 3.488332e+00 1.552096e-02
3.488332e+00 3.494166e+00 3.499999e+00 1.520609e-02
