0.000000e+00 5.833332e-03 1.166666e-02 1.259557e-02
1.166666e-02 1.749999e-02 2.333333e-02 4.997384e-02
2.333333e-02 2.916666e-02 3.499999e-02 9.376548e-02
3.499999e-02 4.083332e-02 4.666665e-02 1.407766e-01
4.666665e-02 5.249998e-02 5.833332e-02 1.894796e-01
5.833332e-02 6.416665e-02 6.999998e-02 2.389283e-01
6.999998e-02 7.583331e-02 8.166664e-02 2.884681e-01
8.166664e-02 8.749997e-02 9.333331e-02 3.376183e-01
9.333331e-02 9.916664e-02 1.050000e-01 3.860134e-01
1.050000e-01 1.108333e-01 1.166666e-01 4.333697e-01
1.166666e-01 1.225000e-01 1.283333e-01 4.794649e-01
1.283333e-01 1.341666e-01 1.400000e-01 5.241236e-01
1.400000e-01 1.458333e-01 1.516666e-01 5.672083e-01
1.516666e-01 1.575000e-01 1.633333e-01 6.086122e-01
1.633333e-01 1.691666e-01 1.749999e-01 6.482534e-01
1.749999e-01 1.808333e-01 1.866666e-01 6.860713e-01
1.866666e-01 1.924999e-01 1.983333e-01 7.220230e-01
1.983333e-01 2.041666e-01 2.099999e-01 7.560807e-01
2.099999e-01 2.158333e-01 2.216666e-01 7.882295e-01
2.216666e-01 2.274999e-01 2.333333e-01 8.184656e-01
2.333333e-01 2.391666e-01 2.449999e-01 8.467945e-01
2.449999e-01 2.508333e-01 2.566666e-01 8.732301e-01
2.566666e-01 2.624999e-01 2.683333e-01 8.977929e-01
2.683333e-01 2.741666e-01 2.799999e-01 9.205098e-01
2.799999e-01 2.858333e-01 2.916666e-01 9.414127e-01
2.916666e-01 2.974999e-01 3.033332e-01 9.605377e-01
3.033332e-01 3.091666e-01 3.149999e-01 9.779248e-01
3.149999e-01 3.208332e-01 3.266666e-01 9.936170e-01
3.266666e-01 3.324999e-01 3.383332e-01 1.007660e+00
3.383332e-01 3.441666e-01 3.499999e-01 1.020101e+00
3.499999e-01 3.558332e-01 3.616666e-01 1.030990e+00
3.616666e-01 3.674999e-01 3.733332e-01 1.040378e+00
3.733332e-01 3.791666e-01 3.849999e-01 1.048316e+00
3.849999e-01 3.908332e-01 3.966666e-01 1.054856e+00
3.966666e-01 4.024999e-01 4.083332e-01 1.060052e+00
4.083332e-01 4.141665e-01 4.199999e-01 1.063956e+00
4.199999e-01 4.258332e-01 4.316665e-01 1.066622e+00
4.316665e-01 4.374999e-01 4.433332e-01 1.068102e+00
4.433332e-01 4.491665e-01 4.549999e-01 1.068449e+00
4.549999e-01 4.608332e-01 4.666665e-01 1.067715e+00
4.666665e-01 4.724999e-01 4.783332e-01 1.065951e+00
4.783332e-01 4.841665e-01 4.899999e-01 1.063208e+00
4.899999e-01 4.958332e-01 5.016665e-01 1.059535e+00
5.016665e-01 5.074999e-01 5.133332e-01 1.054982e+00
5.133332e-01 5.191665e-01 5.249998e-01 1.049596e+00
5.249998e-01 5.308332e-01 5.366665e-01 1.043424e+00
5.366665e-01 5.424998e-01 5.483332e-01 1.036512e+00
5.483332e-01 5.541665e-01 5.599998e-01 1.028904e+00
5.599998e-01 5.658332e-01 5.716665e-01 1.020644e+00
5.716665e-01 5.774998e-01 5.833332e-01 1.011773e+00
5.833332e-01 5.891665e-01 5.949998e-01 1.002334e+00
5.949998e-01 6.008332e-01 6.066665e-01 9.923648e-01
6.066665e-01 6.124998e-01 6.183332e-01 9.819044e-01
6.183332e-01 6.241665e-01 6.299998e-01 9.709898e-01
6.299998e-01 6.358332e-01 6.416665e-01 9.596569e-01
6.416665e-01 6.474998e-01 6.533331e-01 9.479401e-01
6.533331e-01 6.591665e-01 6.649998e-01 9.358727e-01
6.649998e-01 6.708331e-01 6.766665e-01 9.234868e-01
6.766665e-01 6.824998e-01 6.883331e-01 9.108131e-01
6.883331e-01 6.941665e-01 6.999998e-01 8.978812e-01
6.999998e-01 7.058331e-01 7.116665e-01 8.847193e-01
7.116665e-01 7.174998e-01 7.233331e-01 8.713546e-01
7.233331e-01 7.291665e-01 7.349998e-01 8.578130e-01
7.349998e-01 7.408331e-01 7.466665e-01 8.441193e-01
7.466665e-01 7.524998e-01 7.583331e-01 8.302971e-01
7.583331e-01 7.641664e-01 7.699998e-01 8.163690e-01
7.699998e-01 7.758331e-01 7.816664e-01 8.023565e-01
7.816664e-01 7.874998e-01 7.933331e-01 7.882798e-01
7.933331e-01 7.991664e-01 8.049998e-01 7.741586e-01
8.049998e-01 8.108331e-01 8.166664e-01 7.600110e-01
8.166664e-01 8.224998e-01 8.283331e-01 7.458545e-01
8.283331e-01 8.341664e-01 8.399998e-01 7.317055e-01
8.399998e-01 8.458331e-01 8.516664e-01 7.175796e-01
8.516664e-01 8.574998e-01 8.633331e-01 7.034915e-01
8.633331e-01 8.691664e-01 8.749997e-01 6.894549e-01
8.749997e-01 8.808331e-01 8.866664e-01 6.754827e-01
8.866664e-01 8.924997e-01 8.983331e-01 6.615872e-01
8.983331e-01 9.041664e-01 9.099997e-01 6.477798e-01
9.099997e-01 9.158331e-01 9.216664e-01 6.340709e-01
9.216664e-01 9.274997e-01 9.333331e-01 6.204706e-01
9.333331e-01 9.391664e-01 9.449997e-01 6.069881e-01
9.449997e-01 9.508331e-01 9.566664e-01 5.936318e-01
9.566664e-01 9.624997e-01 9.683331e-01 5.804098e-01
9.683331e-01 9.741664e-01 9.799997e-01 5.673293e-01
9.799997e-01 9.858331e-01 9.916664e-01 5.543969e-01
9.916664e-01 9.974997e-01 1.003333e+00 5.416190e-01
1.003333e+00 1.009166e+00 1.015000e+00 5.290009e-01
1.015000e+00 1.020833e+00 1.026666e+00 5.165479e-01
1.026666e+00 1.032500e+00 1.038333e+00 5.042644e-01
1.038333e+00 1.044166e+00 1.050000e+00 4.921546e-01
1.050000e+00 1.055833e+00 1.061666e+00 4.802222e-01
1.061666e+00 1.067500e+00 1.073333e+00 4.684704e-01
1.073333e+00 1.079166e+00 1.085000e+00 4.569021e-01
1.085000e+00 1.090833e+00 1.096666e+00 4.455195e-01
1.096666e+00 1.102500e+00 1.108333e+00 4.343249e-01
1.108333e+00 1.114166e+00 1.120000e+00 4.233199e-01
1.120000e+00 1.125833e+00 1.131666e+00 4.125059e-01
1.131666e+00 1.137500e+00 1.143333e+00 4.018840e-01
1.143333e+00 1.149166e+00 1.155000e+00 3.914549e-01
1.155000e+00 1.160833e+00 1.166666e+00 3.812193e-01
1.166666e+00 1.172500e+00 1.178333e+00 3.711772e-01
1.178333e+00 1.184166e+00 1.190000e+00 3.613286e-01
1.190000e+00 1.195833e+00 1.201666e+00 3.516734e-01
1.201666e+00 1.207500e+00 1.213333e+00 3.422111e-01
1.213333e+00 1.219166e+00 1.225000e+00 3.329409e-01
1.225000e+00 1.230833e+00 1.236666e+00 3.238620e-01
1.236666e+00 1.242500e+00 1.248333e+00 3.149733e-01
1.248333e+00 1.254166e+00 1.260000e+00 3.062737e-01
1.260000e+00 1.265833e+00 1.271666e+00 2.977617e-01
1.271666e+00 1.277500e+00 1.283333e+00 2.894359e-01
1.283333e+00 1.289166e+00 1.295000e+00 2.812946e-01
1.295000e+00 1.300833e+00 1.306666e+00 2.733359e-01
1.306666e+00 1.312500e+00 1.318333e+00 2.655581e-01
1.318333e+00 1.324166e+00 1.330000e+00 2.579591e-01
1.330000e+00 1.335833e+00 1.341666e+00 2.505369e-01
1.341666e+00 1.347500e+00 1.353333e+00 2.432891e-01
1.353333e+00 1.359166e+00 1.365000e+00 2.362137e-01
1.365000e+00 1.370833e+00 1.376666e+00 2.293083e-01
1.376666e+00 1.382500e+00 1.388333e+00 2.225704e-01
1.388333e+00 1.394166e+00 1.400000e+00 2.159976e-01
1.400000e+00 1.405833e+00 1.411666e+00 2.095874e-01
1.411666e+00 1.417500e+00 1.423333e+00 2.033374e-01
1.423333e+00 1.429166e+00 1.435000e+00 1.972448e-01
1.435000e+00 1.440833e+00 1.446666e+00 1.913070e-01
1.446666e+00 1.452500e+00 1.458333e+00 1.855215e-01
1.458333e+00 1.464166e+00 1.470000e+00 1.798856e-01
1.470000e+00 1.475833e+00 1.481666e+00 1.743966e-01
1.481666e+00 1.487500e+00 1.493333e+00 1.690517e-01
1.493333e+00 1.499166e+00 1.505000e+00 1.638483e-01
1.505000e+00 1.510833e+00 1.516666e+00 1.587838e-01
1.516666e+00 1.522500e+00 1.528333e+00 1.538552e-01
1.528333e+00 1.534166e+00 1.540000e+00 1.490601e-01
1.540000e+00 1.545833e+00 1.551666e+00 1.443956e-01
1.551666e+00 1.557500e+00 1.563333e+00 1.398590e-01
1.563333e+00 1.569166e+00 1.575000e+00 1.354478e-01
1.575000e+00 1.580833e+00 1.586666e+00 1.311592e-01
1.586666e+00 1.592500e+00 1.598333e+00 1.269906e-01
1.598333e+00 1.604166e+00 1.610000e+00 1.229393e-01
1.610000e+00 1.615833e+00 1.621666e+00 1.190028e-01
1.621666e+00 1.627500e+00 1.633333e+00 1.151785e-01
1.633333e+00 1.639166e+00 1.645000e+00 1.114637e-01
1.645000e+00 1.650833e+00 1.656666e+00 1.078561e-01
1.656666e+00 1.662500e+00 1.668333e+00 1.043530e-01
1.668333e+00 1.674166e+00 1.680000e+00 1.009520e-01
1.680000e+00 1.685833e+00 1.691666e+00 9.765071e-02
1.691666e+00 1.697500e+00 1.703333e+00 9.444667e-02
1.703333e+00 1.709166e+00 1.715000e+00 9.133751e-02
1.715000e+00 1.720833e+00 1.726666e+00 8.832090e-02
1.726666e+00 1.732500e+00 1.738333e+00 8.539454e-02
1.738333e+00 1.744166e+00 1.749999e+00 8.255614e-02
1.749999e+00 1.755833e+00 1.761666e+00 7.980349e-02
1.761666e+00 1.767499e+00 1.773333e+00 7.713437e-02
1.773333e+00 1.779166e+00 1.784999e+00 7.454665e-02
1.784999e+00 1.790833e+00 1.796666e+00 7.203819e-02
1.796666e+00 1.802499e+00 1.808333e+00 6.960691e-02
1.808333e+00 1.814166e+00 1.819999e+00 6.725077e-02
1.819999e+00 1.825833e+00 1.831666e+00 6.496777e-02
1.831666e+00 1.837499e+00 1.843333e+00 6.275593e-02
1.843333e+00 1.849166e+00 1.854999e+00 6.061332e-02
1.854999e+00 1.860833e+00 1.866666e+00 5.853807e-02
1.866666e+00 1.872499e+00 1.878333e+00 5.652831e-02
1.878333e+00 1.884166e+00 1.889999e+00 5.458223e-02
1.889999e+00 1.895833e+00 1.901666e+00 5.269806e-02
1.901666e+00 1.907499e+00 1.913333e+00 5.087407e-02
1.913333e+00 1.919166e+00 1.924999e+00 4.910854e-02
1.924999e+00 1.930833e+00 1.936666e+00 4.739983e-02
1.936666e+00 1.942499e+00 1.948333e+00 4.574630e-02
1.948333e+00 1.954166e+00 1.959999e+00 4.414637e-02
1.959999e+00 1.965833e+00 1.971666e+00 4.259849e-02
1.971666e+00 1.977499e+00 1.983333e+00 4.110115e-02
1.983333e+00 1.989166e+00 1.994999e+00 3.965286e-02
1.994999e+00 2.000833e+00 2.006666e+00 3.825218e-02
2.006666e+00 2.012499e+00 2.018333e+00 3.689770e-02
2.018333e+00 2.024166e+00 2.029999e+00 3.558805e-02
2.029999e+00 2.035833e+00 2.041666e+00 3.432189e-02
2.041666e+00 2.047499e+00 2.053333e+00 3.309791e-02
2.053333e+00 2.059166e+00 2.064999e+00 3.191483e-02
2.064999e+00 2.070833e+00 2.076666e+00 3.077142e-02
2.076666e+00 2.082499e+00 2.088333e+00 2.966647e-02
2.088333e+00 2.094166e+00 2.099999e+00 2.859879e-02
2.099999e+00 2.105833e+00 2.111666e+00 2.756724e-02
2.111666e+00 2.117499e+00 2.123333e+00 2.657070e-02
2.123333e+00 2.129166e+00 2.134999e+00 2.560808e-02
2.134999e+00 2.140833e+00 2.146666e+00 2.467833e-02
2.146666e+00 2.152499e+00 2.158333e+00 2.378041e-02
2.158333e+00 2.164166e+00 2.169999e+00 2.291332e-02
2.169999e+00 2.175833e+00 2.181666e+00 2.207610e-02
2.181666e+00 2.187499e+00 2.193333e+00 2.126778e-02
2.193333e+00 2.199166e+00 2.204999e+00 2.048745e-02
2.204999e+00 2.210833e+00 2.216666e+00 1.973421e-02
2.216666e+00 2.222499e+00 2.228333e+00 1.900720e-02
2.228333e+00 2.234166e+00 2.239999e+00 1.830557e-02
2.239999e+00 2.245833e+00 2.251666e+00 1.762849e-02
2.251666e+00 2.257499e+00 2.263333e+00 1.697517e-02
2.263333e+00 2.269166e+00 2.274999e+00 1.634483e-02
2.274999e+00 2.280833e+00 2.286666e+00 1.573672e-02
2.286666e+00 2.292499e+00 2.298333e+00 1.515012e-02
2.298333e+00 2.304166e+00 2.309999e+00 1.458430e-02
2.309999e+00 2.315833e+00 2.321666e+00 1.403859e-02
2.321666e+00 2.327499e+00 2.333333e+00 1.351232e-02
2.333333e+00 2.339166e+00 2.344999e+00 1.300484e-02
2.344999e+00 2.350833e+00 2.356666e+00 1.251552e-02
2.356666e+00 2.362499e+00 2.368333e+00 1.204376e-02
2.368333e+00 2.374166e+00 2.379999e+00 1.158896e-02
2.379999e+00 2.385833e+00 2.391666e+00 1.115055e-02
2.391666e+00 2.397499e+00 2.403333e+00 1.072797e-02
2.403333e+00 2.409166e+00 2.414999e+00 1.032069e-02
2.414999e+00 2.420833e+00 2.426666e+00 9.928195e-03
2.426666e+00 2.432499e+00 2.438333e+00 9.549970e-03
2.438333e+00 2.444166e+00 2.449999e+00 9.185528e-03
2.449999e+00 2.455833e+00 2.461666e+00 8.834396e-03
2.461666e+00 2.467499e+00 2.473333e+00 8.496117e-03
2.473333e+00 2.479166e+00 2.484999e+00 8.170245e-03
2.484999e+00 2.490833e+00 2.496666e+00 7.856351e-03
2.496666e+00 2.502499e+00 2.508333e+00 7.554018e-03
2.508333e+00 2.514166e+00 2.519999e+00 7.262844e-03
2.519999e+00 2.525833e+00 2.531666e+00 6.982438e-03
2.531666e+00 2.537499e+00 2.543333e+00 6.712424e-03
2.543333e+00 2.549166e+00 2.554999e+00 6.452437e-03
2.554999e+00 2.560833e+00 2.566666e+00 6.202122e-03
2.566666e+00 2.572499e+00 2.578333e+00 5.961139e-03
2.578333e+00 2.584166e+00 2.589999e+00 5.729158e-03
2.589999e+00 2.595833e+00 2.601666e+00 5.505858e-03
2.601666e+00 2.607499e+00 2.613333e+00 5.290931e-03
2.613333e+00 2.619166e+00 2.624999e+00 5.084078e-03
2.624999e+00 2.630833e+00 2.636666e+00 4.885011e-03
2.636666e+00 2.642499e+00 2.648333e+00 4.693450e-03
2.648333e+00 2.654166e+00 2.659999e+00 4.509126e-03
2.659999e+00 2.665833e+00 2.671666e+00 4.331778e-03
2.671666e+00 2.677499e+00 2.683333e+00 4.161154e-03
2.683333e+00 2.689166e+00 2.694999e+00 3.997011e-03
2.694999e+00 2.700833e+00 2.706666e+00 3.839114e-03
2.706666e+00 2.712499e+00 2.718333e+00 3.687236e-03
2.718333e+00 2.724166e+00 2.729999e+00 3.541157e-03
2.729999e+00 2.735833e+00 2.741666e+00 3.400666e-03
2.741666e+00 2.747499e+00 2.753333e+00 3.265558e-03
2.753333e+00 2.759166e+00 2.764999e+00 3.135636e-03
2.764999e+00 2.770833e+00 2.776666e+00 3.010709e-03
2.776666e+00 2.782499e+00 2.788333e+00 2.890593e-03
2.788333e+00 2.794166e+00 2.799999e+00 2.775112e-03
2.799999e+00 2.805833e+00 2.811666e+00 2.664092e-03
2.811666e+00 2.817499e+00 2.823333e+00 2.557369e-03
2.823333e+00 2.829166e+00 2.834999e+00 2.454784e-03
2.834999e+00 2.840833e+00 2.846666e+00 2.356182e-03
2.846666e+00 2.852499e+00 2.858333e+00 2.261415e-03
2.858333e+00 2.864166e+00 2.869999e+00 2.170340e-03
2.869999e+00 2.875833e+00 2.881666e+00 2.082817e-03
2.881666e+00 2.887499e+00 2.893333e+00 1.998715e-03
2.893333e+00 2.899166e+00 2.904999e+00 1.917905e-03
2.904999e+00 2.910833e+00 2.916666e+00 1.840262e-03
2.916666e+00 2.922499e+00 2.928332e+00 1.765667e-03
2.928332e+00 2.934166e+00 2.939999e+00 1.694004e-03
2.939999e+00 2.945832e+00 2.951666e+00 1.625164e-03
2.951666e+00 2.957499e+00 2.963332e+00 1.559038e-03
2.963332e+00 2.969166e+00 2.974999e+00 1.495524e-03
2.974999e+00 2.980832e+00 2.986666e+00 1.434522e-03
2.986666e+00 2.992499e+00 2.998332e+00 1.375937e-03
2.998332e+00 3.004166e+00 3.009999e+00 1.319675e-03
3.009999e+00 3.015832e+00 3.021666e+00 1.265648e-03
3.021666e+00 3.027499e+00 3.033332e+00 1.213770e-03
3.033332e+00 3.039166e+00 3.044999e+00 1.163959e-03
3.044999e+00 3.050832e+00 3.056666e+00 1.116136e-03
3.056666e+00 3.062499e+00 3.068332e+00 1.070223e-03
3.068332e+00 3.074166e+00 3.079999e+00 1.026146e-03
3.079999e+00 3.085832e+00 3.091666e+00 9.838356e-04
3.091666e+00 3.097499e+00 3.103332e+00 9.432222e-04
3.103332e+00 3.109166e+00 3.114999e+00 9.042404e-04
3.114999e+00 3.120832e+00 3.126666e+00 8.668265e-04
3.126666e+00 3.132499e+00 3.138332e+00 8.309197e-04
3.138332e+00 3.144166e+00 3.149999e+00 7.964611e-04
3.149999e+00 3.155832e+00 3.161666e+00 7.633941e-04
3.161666e+00 3.167499e+00 3.173332e+00 7.316644e-04
3.173332e+00 3.179166e+00 3.184999e+00 7.012195e-04
3.184999e+00 3.190832e+00 3.196666e+00 6.720089e-04
3.196666e+00 3.202499e+00 3.208332e+00 6.439842e-04
3.208332e+00 3.214166e+00 3.219999e+00 6.170987e-04
3.219999e+00 3.225832e+00 3.231666e+00 5.913075e-04
3.231666e+00 3.237499e+00 3.243332e+00 5.665674e-04
3.243332e+00 3.249166e+00 3.254999e+00 5.428367e-04
3.254999e+00 3.260832e+00 3.266666e+00 5.200756e-04
3.266666e+00 3.272499e+00 3.278332e+00 4.982455e-04
3.278332e+00 3.284166e+00 3.289999e+00 4.773095e-04
3.289999e+00 3.295832e+00 3.301666e+00 4.572321e-04
3.301666e+00 3.307499e+00 3.313332e+00 4.379789e-04
3.313332e+00 3.319166e+00 3.324999e+00 4.195172e-04
3.324999e+00 3.330832e+00 3.336666e+00 4.018152e-04
3.336666e+00 3.342499e+00 3.348332e+00 3.848427e-04
3.348332e+00 3.354166e+00 3.359999e+00 3.685704e-04
3.359999e+00 3.365832e+00 3.371666e+00 3.529701e-04
3.371666e+00 3.377499e+00 3.383332e+00 3.380150e-04
3.383332e+00 3.389166e+00 3.394999e+00 3.236789e-04
3.394999e+00 3.400832e+00 3.406666e+00 3.099371e-04
3.406666e+00 3.412499e+00 3.418332e+00 2.967655e-04
3.418332e+00 3.424166e+00 3.429999e+00 2.841411e-04
3.429999e+00 3.435832e+00 3.441666e+00 2.720417e-04
3.441666e+00 3.447499e+00 3.453332e+00 2.604462e-04
3.453332e+00 3.459166e+00 3.464999e+00 2.493339e-04
3.464999e+00 3.470832e+00 3.476666e+00 2.386854e-04
3.476666e+00 3.482499e+00 3.488332e+00 2.284818e-04
3.488332e+00 3.494166e+00 3.499999e+00 2.187049e-04
