0.000000e+00 5.833332e-03 1.166666e-02 1.369131e-02
1.166666e-02 1.749999e-02 2.333333e-02 5.434553e-02
2.333333e-02 2.916666e-02 3.499999e-02 1.019921e-01
3.499999e-02 4.083332e-02 4.666665e-02 1.531407e-01
4.666665e-02 5.249998e-02 5.833332e-02 2.061132e-01
5.833332e-02 6.416665e-02 6.999998e-02 2.598656e-01
6.999998e-02 7.583331e-02 8.166664e-02 3.136727e-01
8.166664e-02 8.749997e-02 9.333331e-02 3.670004e-01
9.333331e-02 9.916664e-02 1.050000e-01 4.194420e-01
1.050000e-01 1.108333e-01 1.166666e-01 4.706811e-01
1.166666e-01 1.225000e-01 1.283333e-01 5.204697e-01
1.283333e-01 1.341666e-01 1.400000e-01 5.686126e-01
1.400000e-01 1.458333e-01 1.516666e-01 6.149569e-01
1.516666e-01 1.575000e-01 1.633333e-01 6.593841e-01
1.633333e-01 1.691666e-01 1.749999e-01 7.018043e-01
1.749999e-01 1.808333e-01 1.866666e-01 7.421515e-01
1.866666e-01 1.924999e-01 1.983333e-01 7.803798e-01
1.983333e-01 2.041666e-01 2.099999e-01 8.164605e-01
2.099999e-01 2.158333e-01 2.216666e-01 8.503799e-01
2.216666e-01 2.274999e-01 2.333333e-01 8.821365e-01
2.333333e-01 2.391666e-01 2.449999e-01 9.117399e-01
2.449999e-01 2.508333e-01 2.566666e-01 9.392089e-01
2.566666e-01 2.624999e-01 2.683333e-01 9.645702e-01
2.683333e-01 2.741666e-01 2.799999e-01 9.878576e-01
2.799999e-01 2.858333e-01 2.916666e-01 1.009111e+00
2.916666e-01 2.974999e-01 3.033332e-01 1.028373e+00
3.033332e-01 3.091666e-01 3.149999e-01 1.045695e+00
3.149999e-01 3.208332e-01 3.266666e-01 1.061127e+00
3.266666e-01 3.324999e-01 3.383332e-01 1.074724e+00
3.383332e-01 3.441666e-01 3.499999e-01 1.086545e+00
3.499999e-01 3.558332e-01 3.616666e-01 1.096647e+00
3.616666e-01 3.674999e-01 3.733332e-01 1.105092e+00
3.733332e-01 3.791666e-01 3.849999e-01 1.111941e+00
3.849999e-01 3.908332e-01 3.966666e-01 1.117256e+00
3.966666e-01 4.024999e-01 4.083332e-01 1.121100e+00
4.083332e-01 4.141665e-01 4.199999e-01 1.123535e+00
4.199999e-01 4.258332e-01 4.316665e-01 1.124625e+00
4.316665e-01 4.374999e-01 4.433332e-01 1.124430e+00
4.433332e-01 4.491665e-01 4.549999e-01 1.123012e+00
4.549999e-01 4.608332e-01 4.666665e-01 1.120434e+00
4.666665e-01 4.724999e-01 4.783332e-01 1.116753e+00
4.783332e-01 4.841665e-01 4.899999e-01 1.112030e+00
4.899999e-01 4.958332e-01 5.016665e-01 1.106323e+00
5.016665e-01 5.074999e-01 5.133332e-01 1.099687e+00
5.133332e-01 5.191665e-01 5.249998e-01 1.092178e+00
5.249998e-01 5.308332e-01 5.366665e-01 1.083851e+00
5.366665e-01 5.424998e-01 5.483332e-01 1.074757e+00
5.483332e-01 5.541665e-01 5.599998e-01 1.064949e+00
5.599998e-01 5.658332e-01 5.716665e-01 1.054475e+00
5.716665e-01 5.774998e-01 5.833332e-01 1.043383e+00
5.833332e-01 5.891665e-01 5.949998e-01 1.031721e+00
5.949998e-01 6.008332e-01 6.066665e-01 1.019533e+00
6.066665e-01 6.124998e-01 6.183332e-01 1.006862e+00
6.183332e-01 6.241665e-01 6.299998e-01 9.937503e-01
6.299998e-01 6.358332e-01 6.416665e-01 9.802382e-01
6.416665e-01 6.474998e-01 6.533331e-01 9.663643e-01
6.533331e-01 6.591665e-01 6.649998e-01 9.521655e-01
6.649998e-01 6.708331e-01 6.766665e-01 9.376774e-01
6.766665e-01 6.824998e-01 6.883331e-01 9.229342e-01
6.883331e-01 6.941665e-01 6.999998e-01 9.079683e-01
6.999998e-01 7.058331e-01 7.116665e-01 8.928107e-01
7.116665e-01 7.174998e-01 7.233331e-01 8.774912e-01
7.233331e-01 7.291665e-01 7.349998e-01 8.620379e-01
7.349998e-01 7.408331e-01 7.466665e-01 8.464777e-01
7.466665e-01 7.524998e-01 7.583331e-01 8.308359e-01
7.583331e-01 7.641664e-01 7.699998e-01 8.151368e-01
7.699998e-01 7.758331e-01 7.816664e-01 7.994031e-01
7.816664e-01 7.874998e-01 7.933331e-01 7.836566e-01
7.933331e-01 7.991664e-01 8.049998e-01 7.679176e-01
8.049998e-01 8.108331e-01 8.166664e-01 7.522054e-01
8.166664e-01 8.224998e-01 8.283331e-01 7.365379e-01
8.283331e-01 8.341664e-01 8.399998e-01 7.209322e-01
8.399998e-01 8.458331e-01 8.516664e-01 7.054043e-01
8.516664e-01 8.574998e-01 8.633331e-01 6.899688e-01
8.633331e-01 8.691664e-01 8.749997e-01 6.746399e-01
8.749997e-01 8.808331e-01 8.866664e-01 6.594303e-01
8.866664e-01 8.924997e-01 8.983331e-01 6.443520e-01
8.983331e-01 9.041664e-01 9.099997e-01 6.294163e-01
9.099997e-01 9.158331e-01 9.216664e-01 6.146333e-01
9.216664e-01 9.274997e-01 9.333331e-01 6.000125e-01
9.333331e-01 9.391664e-01 9.449997e-01 5.855626e-01
9.449997e-01 9.508331e-01 9.566664e-01 5.712915e-01
9.566664e-01 9.624997e-01 9.683331e-01 5.572063e-01
9.683331e-01 9.741664e-01 9.799997e-01 5.433137e-01
9.799997e-01 9.858331e-01 9.916664e-01 5.296195e-01
9.916664e-01 9.974997e-01 1.003333e+00 5.161289e-01
1.003333e+00 1.009166e+00 1.015000e+00 5.028465e-01
1.015000e+00 1.020833e+00 1.026666e+00 4.897766e-01
1.026666e+00 1.032500e+00 1.038333e+00 4.769225e-01
1.038333e+00 1.044166e+00 1.050000e+00 4.642874e-01
1.050000e+00 1.055833e+00 1.061666e+00 4.518738e-01
1.061666e+00 1.067500e+00 1.073333e+00 4.396838e-01
1.073333e+00 1.079166e+00 1.085000e+00 4.277191e-01
1.085000e+00 1.090833e+00 1.096666e+00 4.159809e-01
1.096666e+00 1.102500e+00 1.108333e+00 4.044702e-01
1.108333e+00 1.114166e+00 1.120000e+00 3.931874e-01
1.120000e+00 1.125833e+00 1.131666e+00 3.821328e-01
1.131666e+00 1.137500e+00 1.143333e+00 3.713062e-01
1.143333e+00 1.149166e+00 1.155000e+00 3.607071e-01
1.155000e+00 1.160833e+00 1.166666e+00 3.503348e-01
1.166666e+00 1.172500e+00 1.178333e+00 3.401885e-01
1.178333e+00 1.184166e+00 1.190000e+00 3.302667e-01
1.190000e+00 1.195833e+00 1.201666e+00 3.205681e-01
1.201666e+00 1.207500e+00 1.213333e+00 3.110911e-01
1.213333e+00 1.219166e+00 1.225000e+00 3.018337e-01
1.225000e+00 1.230833e+00 1.236666e+00 2.927939e-01
1.236666e+00 1.242500e+00 1.248333e+00 2.839696e-01
1.248333e+00 1.254166e+00 1.260000e+00 2.753583e-01
1.260000e+00 1.265833e+00 1.271666e+00 2.669576e-01
1.271666e+00 1.277500e+00 1.283333e+00 2.587649e-01
1.283333e+00 1.289166e+00 1.295000e+00 2.507774e-01
1.295000e+00 1.300833e+00 1.306666e+00 2.429923e-01
1.306666e+00 1.312500e+00 1.318333e+00 2.354066e-01
1.318333e+00 1.324166e+00 1.330000e+00 2.280174e-01
1.330000e+00 1.335833e+00 1.341666e+00 2.208216e-01
1.341666e+00 1.347500e+00 1.353333e+00 2.138160e-01
1.353333e+00 1.359166e+00 1.365000e+00 2.069974e-01
1.365000e+00 1.370833e+00 1.376666e+00 2.003626e-01
1.376666e+00 1.382500e+00 1.388333e+00 1.939083e-01
1.388333e+00 1.394166e+00 1.400000e+00 1.876311e-01
1.400000e+00 1.405833e+00 1.411666e+00 1.815277e-01
1.411666e+00 1.417500e+00 1.423333e+00 1.755947e-01
1.423333e+00 1.429166e+00 1.435000e+00 1.698289e-01
1.435000e+00 1.440833e+00 1.446666e+00 1.642267e-01
1.446666e+00 1.452500e+00 1.458333e+00 1.587847e-01
1.458333e+00 1.464166e+00 1.470000e+00 1.534997e-01
1.470000e+00 1.475833e+00 1.481666e+00 1.483682e-01
1.481666e+00 1.487500e+00 1.493333e+00 1.433869e-01
1.493333e+00 1.499166e+00 1.505000e+00 1.385524e-01
1.505000e+00 1.510833e+00 1.516666e+00 1.338614e-01
1.516666e+00 1.522500e+00 1.528333e+00 1.293105e-01
1.528333e+00 1.534166e+00 1.540000e+00 1.248966e-01
1.540000e+00 1.545833e+00 1.551666e+00 1.206163e-01
1.551666e+00 1.557500e+00 1.563333e+00 1.164664e-01
1.563333e+00 1.569166e+00 1.575000e+00 1.124438e-01
1.575000e+00 1.580833e+00 1.586666e+00 1.085453e-01
1.586666e+00 1.592500e+00 1.598333e+00 1.047678e-01
1.598333e+00 1.604166e+00 1.610000e+00 1.011083e-01
1.610000e+00 1.615833e+00 1.621666e+00 9.756361e-02
1.621666e+00 1.627500e+00 1.633333e+00 9.413088e-02
1.633333e+00 1.639166e+00 1.645000e+00 9.080715e-02
1.645000e+00 1.650833e+00 1.656666e+00 8.758952e-02
1.656666e+00 1.662500e+00 1.668333e+00 8.447516e-02
1.668333e+00 1.674166e+00 1.680000e+00 8.146127e-02
1.680000e+00 1.685833e+00 1.691666e+00 7.854512e-02
1.691666e+00 1.697500e+00 1.703333e+00 7.572400e-02
1.703333e+00 1.709166e+00 1.715000e+00 7.299527e-02
1.715000e+00 1.720833e+00 1.726666e+00 7.035635e-02
1.726666e+00 1.732500e+00 1.738333e+00 6.780469e-02
1.738333e+00 1.744166e+00 1.749999e+00 6.533780e-02
1.749999e+00 1.755833e+00 1.761666e+00 6.295325e-02
1.761666e+00 1.767499e+00 1.773333e+00 6.064863e-02
1.773333e+00 1.779166e+00 1.784999e+00 5.842163e-02
1.784999e+00 1.790833e+00 1.796666e+00 5.626994e-02
1.796666e+00 1.802499e+00 1.808333e+00 5.419135e-02
1.808333e+00 1.814166e+00 1.819999e+00 5.218366e-02
1.819999e+00 1.825833e+00 1.831666e+00 5.024474e-02
1.831666e+00 1.837499e+00 1.843333e+00 4.837250e-02
1.843333e+00 1.849166e+00 1.854999e+00 4.656493e-02
1.854999e+00 1.860833e+00 1.866666e+00 4.482002e-02
1.866666e+00 1.872499e+00 1.878333e+00 4.313584e-02
1.878333e+00 1.884166e+00 1.889999e+00 4.151051e-02
1.889999e+00 1.895833e+00 1.901666e+00 3.994218e-02
1.901666e+00 1.907499e+00 1.913333e+00 3.842907e-02
1.913333e+00 1.919166e+00 1.924999e+00 3.696942e-02
1.924999e+00 1.930833e+00 1.936666e+00 3.556153e-02
1.936666e+00 1.942499e+00 1.948333e+00 3.420375e-02
1.948333e+00 1.954166e+00 1.959999e+00 3.289446e-02
1.959999e+00 1.965833e+00 1.971666e+00 3.163209e-02
1.971666e+00 1.977499e+00 1.983333e+00 3.041512e-02
1.983333e+00 1.989166e+00 1.994999e+00 2.924207e-02
1.994999e+00 2.000833e+00 2.006666e+00 2.811148e-02
2.006666e+00 2.012499e+00 2.018333e+00 2.702196e-02
2.018333e+00 2.024166e+00 2.029999e+00 2.597215e-02
2.029999e+00 2.035833e+00 2.041666e+00 2.496072e-02
2.041666e+00 2.047499e+00 2.053333e+00 2.398638e-02
2.053333e+00 2.059166e+00 2.064999e+00 2.304789e-02
2.064999e+00 2.070833e+00 2.076666e+00 2.214403e-02
2.076666e+00 2.082499e+00 2.088333e+00 2.127362e-02
2.088333e+00 2.094166e+00 2.099999e+00 2.043554e-02
2.099999e+00 2.105833e+00 2.111666e+00 1.962866e-02
2.111666e+00 2.117499e+00 2.123333e+00 1.885192e-02
2.123333e+00 2.129166e+00 2.134999e+00 1.810426e-02
2.134999e+00 2.140833e+00 2.146666e+00 1.738470e-02
2.146666e+00 2.152499e+00 2.158333e+00 1.669224e-02
2.158333e+00 2.164166e+00 2.169999e+00 1.602593e-02
2.169999e+00 2.175833e+00 2.181666e+00 1.538487e-02
2.181666e+00 2.187499e+00 2.193333e+00 1.476815e-02
2.193333e+00 2.199166e+00 2.204999e+00 1.417492e-02
2.204999e+00 2.210833e+00 2.216666e+00 1.360435e-02
2.216666e+00 2.222499e+00 2.228333e+00 1.305562e-02
2.228333e+00 2.234166e+00 2.239999e+00 1.252796e-02
2.239999e+00 2.245833e+00 2.251666e+00 1.202060e-02
2.251666e+00 2.257499e+00 2.263333e+00 1.153282e-02
2.263333e+00 2.269166e+00 2.274999e+00 1.106391e-02
2.274999e+00 2.280833e+00 2.286666e+00 1.061319e-02
2.286666e+00 2.292499e+00 2.298333e+00 1.017998e-02
2.298333e+00 2.304166e+00 2.309999e+00 9.763663e-03
2.309999e+00 2.315833e+00 2.321666e+00 9.363605e-03
2.321666e+00 2.327499e+00 2.333333e+00 8.979214e-03
2.333333e+00 2.339166e+00 2.344999e+00 8.609910e-03
2.344999e+00 2.350833e+00 2.356666e+00 8.255136e-03
2.356666e+00 2.362499e+00 2.368333e+00 7.914353e-03
2.368333e+00 2.374166e+00 2.379999e+00 7.587040e-03
2.379999e+00 2.385833e+00 2.391666e+00 7.272693e-03
2.391666e+00 2.397499e+00 2.403333e+00 6.970828e-03
2.403333e+00 2.409166e+00 2.414999e+00 6.680975e-03
2.414999e+00 2.420833e+00 2.426666e+00 6.402682e-03
2.426666e+00 2.432499e+00 2.438333e+00 6.135512e-03
2.438333e+00 2.444166e+00 2.449999e+00 5.879044e-03
2.449999e+00 2.455833e+00 2.461666e+00 5.632871e-03
2.461666e+00 2.467499e+00 2.473333e+00 5.396601e-03
2.473333e+00 2.479166e+00 2.484999e+00 5.169855e-03
2.484999e+00 2.490833e+00 2.496666e+00 4.952269e-03
2.496666e+00 2.502499e+00 2.508333e+00 4.743491e-03
2.508333e+00 2.514166e+00 2.519999e+00 4.543181e-03
2.519999e+00 2.525833e+00 2.531666e+00 4.351013e-03
2.531666e+00 2.537499e+00 2.543333e+00 4.166671e-03
2.543333e+00 2.549166e+00 2.554999e+00 3.989852e-03
2.554999e+00 2.560833e+00 2.566666e+00 3.820263e-03
2.566666e+00 2.572499e+00 2.578333e+00 3.657622e-03
2.578333e+00 2.584166e+00 2.589999e+00 3.501656e-03
2.589999e+00 2.595833e+00 2.601666e+00 3.352105e-03
2.601666e+00 2.607499e+00 2.613333e+00 3.208717e-03
2.613333e+00 2.619166e+00 2.624999e+00 3.071248e-03
2.624999e+00 2.630833e+00 2.636666e+00 2.939465e-03
2.636666e+00 2.642499e+00 2.648333e+00 2.813143e-03
2.648333e+00 2.654166e+00 2.659999e+00 2.692064e-03
2.659999e+00 2.665833e+00 2.671666e+00 2.576022e-03
2.671666e+00 2.677499e+00 2.683333e+00 2.464814e-03
2.683333e+00 2.689166e+00 2.694999e+00 2.358249e-03
2.694999e+00 2.700833e+00 2.706666e+00 2.256139e-03
2.706666e+00 2.712499e+00 2.718333e+00 2.158307e-03
2.718333e+00 2.724166e+00 2.729999e+00 2.064580e-03
2.729999e+00 2.735833e+00 2.741666e+00 1.974792e-03
2.741666e+00 2.747499e+00 2.753333e+00 1.888786e-03
2.753333e+00 2.759166e+00 2.764999e+00 1.806407e-03
2.764999e+00 2.770833e+00 2.776666e+00 1.727509e-03
2.776666e+00 2.782499e+00 2.788333e+00 1.651950e-03
2.788333e+00 2.794166e+00 2.799999e+00 1.579595e-03
2.799999e+00 2.805833e+00 2.811666e+00 1.510312e-03
2.811666e+00 2.817499e+00 2.823333e+00 1.443975e-03
2.823333e+00 2.829166e+00 2.834999e+00 1.380465e-03
2.834999e+00 2.840833e+00 2.846666e+00 1.319666e-03
2.846666e+00 2.852499e+00 2.858333e+00 1.261464e-03
2.858333e+00 2.864166e+00 2.869999e+00 1.205755e-03
2.869999e+00 2.875833e+00 2.881666e+00 1.152434e-03
2.881666e+00 2.887499e+00 2.893333e+00 1.101403e-03
2.893333e+00 2.899166e+00 2.904999e+00 1.052567e-03
2.904999e+00 2.910833e+00 2.916666e+00 1.005835e-03
2.916666e+00 2.922499e+00 2.928332e+00 9.611186e-04
2.928332e+00 2.934166e+00 2.939999e+00 9.183349e-04
2.939999e+00 2.945832e+00 2.951666e+00 8.774028e-04
2.951666e+00 2.957499e+00 2.963332e+00 8.382448e-04
2.963332e+00 2.969166e+00 2.974999e+00 8.007865e-04
2.974999e+00 2.980832e+00 2.986666e+00 7.649566e-04
2.986666e+00 2.992499e+00 2.998332e+00 7.306866e-04
2.998332e+00 3.004166e+00 3.009999e+00 6.979107e-04
3.009999e+00 3.015832e+00 3.021666e+00 6.665660e-04
3.021666e+00 3.027499e+00 3.033332e+00 6.365918e-04
3.033332e+00 3.039166e+00 3.044999e+00 6.079302e-04
3.044999e+00 3.050832e+00 3.056666e+00 5.805255e-04
3.056666e+00 3.062499e+00 3.068332e+00 5.543242e-04
3.068332e+00 3.074166e+00 3.079999e+00 5.292751e-04
3.079999e+00 3.085832e+00 3.091666e+00 5.053292e-04
3.091666e+00 3.097499e+00 3.103332e+00 4.824392e-04
3.103332e+00 3.109166e+00 3.114999e+00 4.605600e-04
3.114999e+00 3.120832e+00 3.126666e+00 4.396483e-04
3.126666e+00 3.132499e+00 3.138332e+00 4.196625e-04
3.138332e+00 3.144166e+00 3.149999e+00 4.005629e-04
3.149999e+00 3.155832e+00 3.161666e+00 3.823114e-04
3.161666e+00 3.167499e+00 3.173332e+00 3.648713e-04
3.173332e+00 3.179166e+00 3.184999e+00 3.482075e-04
3.184999e+00 3.190832e+00 3.196666e+00 3.322866e-04
3.196666e+00 3.202499e+00 3.208332e+00 3.170763e-04
3.208332e+00 3.214166e+00 3.219999e+00 3.025458e-04
3.219999e+00 3.225832e+00 3.231666e+00 2.886655e-04
3.231666e+00 3.237499e+00 3.243332e+00 2.754072e-04
3.243332e+00 3.249166e+00 3.254999e+00 2.627438e-04
3.254999e+00 3.260832e+00 3.266666e+00 2.506492e-04
3.266666e+00 3.272499e+00 3.278332e+00 2.390986e-04
3.278332e+00 3.284166e+00 3.289999e+00 2.280682e-04
3.289999e+00 3.295832e+00 3.301666e+00 2.175352e-04
3.301666e+00 3.307499e+00 3.313332e+00 2.074777e-04
3.313332e+00 3.319166e+00 3.324999e+00 1.978748e-04
3.324999e+00 3.330832e+00 3.336666e+00 1.887066e-04
3.336666e+00 3.342499e+00 3.348332e+00 1.799538e-04
3.348332e+00 3.354166e+00 3.359999e+00 1.715981e-04
3.359999e+00 3.365832e+00 3.371666e+00 1.636220e-04
3.371666e+00 3.377499e+00 3.383332e+00 1.560086e-04
3.383332e+00 3.389166e+00 3.394999e+00 1.487418e-04
3.394999e+00 3.400832e+00 3.406666e+00 1.418063e-04
3.406666e+00 3.412499e+00 3.418332e+00 1.351874e-04
3.418332e+00 3.424166e+00 3.429999e+00 1.288708e-04
3.429999e+00 3.435832e+00 3.441666e+00 1.228433e-04
3.441666e+00 3.447499e+00 3.453332e+00 1.170918e-04
3.453332e+00 3.459166e+00 3.464999e+00 1.116039e-04
3.464999e+00 3.470832e+00 3.476666e+00 1.063681e-04
3.476666e+00 3.482499e+00 3.488332e+00 1.013728e-04
3.488332e+00 3.494166e+00 3.499999e+00 9.660732e-05
