0.000000e+00 5.833332e-03 1.166666e-02 7.589784e-03
1.166666e-02 1.749999e-02 2.333333e-02 3.000847e-02
2.333333e-02 2.916666e-02 3.499999e-02 5.619074e-02
3.499999e-02 4.083332e-02 4.666665e-02 8.427282e-02
4.666665e-02 5.249998e-02 5.833332e-02 1.133897e-01
5.833332e-02 6.416665e-02 6.999998e-02 1.430195e-01
6.999998e-02 7.583331e-02 8.166664e-02 1.728092e-01
8.166664e-02 8.749997e-02 9.333331e-02 2.025042e-01
9.333331e-02 9.916664e-02 1.050000e-01 2.319138e-01
1.050000e-01 1.108333e-01 1.166666e-01 2.608915e-01
1.166666e-01 1.225000e-01 1.283333e-01 2.893230e-01
1.283333e-01 1.341666e-01 1.400000e-01 3.171184e-01
1.400000e-01 1.458333e-01 1.516666e-01 3.442067e-01
1.516666e-01 1.575000e-01 1.633333e-01 3.705321e-01
1.633333e-01 1.691666e-01 1.749999e-01 3.960510e-01
1.749999e-01 1.808333e-01 1.866666e-01 4.207298e-01
1.866666e-01 1.924999e-01 1.983333e-01 4.445433e-01
1.983333e-01 2.041666e-01 2.099999e-01 4.674731e-01
2.099999e-01 2.158333e-01 2.216666e-01 4.895069e-01
2.216666e-01 2.274999e-01 2.333333e-01 5.106372e-01
2.333333e-01 2.391666e-01 2.449999e-01 5.308610e-01
2.449999e-01 2.508333e-01 2.566666e-01 5.501786e-01
2.566666e-01 2.624999e-01 2.683333e-01 5.685937e-01
2.683333e-01 2.741666e-01 2.799999e-01 5.861127e-01
2.799999e-01 2.858333e-01 2.916666e-01 6.027439e-01
2.916666e-01 2.974999e-01 3.033332e-01 6.184981e-01
3.033332e-01 3.091666e-01 3.149999e-01 6.333874e-01
3.149999e-01 3.208332e-01 3.266666e-01 6.474256e-01
3.266666e-01 3.324999e-01 3.383332e-01 6.606275e-01
3.383332e-01 3.441666e-01 3.499999e-01 6.730090e-01
3.499999e-01 3.558332e-01 3.616666e-01 6.845871e-01
3.616666e-01 3.674999e-01 3.733332e-01 6.953791e-01
3.733332e-01 3.791666e-01 3.849999e-01 7.054033e-01
3.849999e-01 3.908332e-01 3.966666e-01 7.146782e-01
3.966666e-01 4.024999e-01 4.083332e-01 7.232227e-01
4.083332e-01 4.141665e-01 4.199999e-01 7.310562e-01
4.199999e-01 4.258332e-01 4.316665e-01 7.381981e-01
4.316665e-01 4.374999e-01 4.433332e-01 7.446678e-01
4.433332e-01 4.491665e-01 4.549999e-01 7.504852e-01
4.549999e-01 4.608332e-01 4.666665e-01 7.556698e-01
4.666665e-01 4.724999e-01 4.783332e-01 7.602413e-01
4.783332e-01 4.841665e-01 4.899999e-01 7.642191e-01
4.899999e-01 4.958332e-01 5.016665e-01 7.676227e-01
5.016665e-01 5.074999e-01 5.133332e-01 7.704713e-01
5.133332e-01 5.191665e-01 5.249998e-01 7.727839e-01
5.249998e-01 5.308332e-01 5.366665e-01 7.745793e-01
5.366665e-01 5.424998e-01 5.483332e-01 7.758761e-01
5.483332e-01 5.541665e-01 5.599998e-01 7.766927e-01
5.599998e-01 5.658332e-01 5.716665e-01 7.770470e-01
5.716665e-01 5.774998e-01 5.833332e-01 7.769567e-01
5.833332e-01 5.891665e-01 5.949998e-01 7.764393e-01
5.949998e-01 6.008332e-01 6.066665e-01 7.755118e-01
6.066665e-01 6.124998e-01 6.183332e-01 7.741910e-01
6.183332e-01 6.241665e-01 6.299998e-01 7.724932e-01
6.299998e-01 6.358332e-01 6.416665e-01 7.704346e-01
6.416665e-01 6.474998e-01 6.533331e-01 7.680308e-01
6.533331e-01 6.591665e-01 6.649998e-01 7.652971e-01
6.649998e-01 6.708331e-01 6.766665e-01 7.622485e-01
6.766665e-01 6.824998e-01 6.883331e-01 7.588996e-01
6.883331e-01 6.941665e-01 6.999998e-01 7.552647e-01
6.999998e-01 7.058331e-01 7.116665e-01 7.513576e-01
7.116665e-01 7.174998e-01 7.233331e-01 7.471918e-01
7.233331e-01 7.291665e-01 7.349998e-01 7.427805e-01
7.349998e-01 7.408331e-01 7.466665e-01 7.381364e-01
7.466665e-01 7.524998e-01 7.583331e-01 7.332721e-01
7.583331e-01 7.641664e-01 7.699998e-01 7.281995e-01
7.699998e-01 7.758331e-01 7.816664e-01 7.229304e-01
7.816664e-01 7.874998e-01 7.933331e-01 7.174762e-01
7.933331e-01 7.991664e-01 8.049998e-01 7.118478e-01
8.049998e-01 8.108331e-01 8.166664e-01 7.060560e-01
8.166664e-01 8.224998e-01 8.283331e-01 7.001112e-01
8.283331e-01 8.341664e-01 8.399998e-01 6.940232e-01
8.399998e-01 8.458331e-01 8.516664e-01 6.878020e-01
8.516664e-01 8.574998e-01 8.633331e-01 6.814568e-01
8.633331e-01 8.691664e-01 8.749997e-01 6.749967e-01
8.749997e-01 8.808331e-01 8.866664e-01 6.684305e-01
8.866664e-01 8.924997e-01 8.983331e-01 6.617666e-01
8.983331e-01 9.041664e-01 9.099997e-01 6.550133e-01
9.099997e-01 9.158331e-01 9.216664e-01 6.481784e-01
9.216664e-01 9.274997e-01 9.333331e-01 6.412694e-01
9.333331e-01 9.391664e-01 9.449997e-01 6.342938e-01
9.449997e-01 9.508331e-01 9.566664e-01 6.272586e-01
9.566664e-01 9.624997e-01 9.683331e-01 6.201706e-01
9.683331e-01 9.741664e-01 9.799997e-01 6.130363e-01
9.799997e-01 9.858331e-01 9.916664e-01 6.058619e-01
9.916664e-01 9.974997e-01 1.003333e+00 5.986536e-01
1.003333e+00 1.009166e+00 1.015000e+00 5.914171e-01
1.015000e+00 1.020833e+00 1.026666e+00 5.841580e-01
1.026666e+00 1.032500e+00 1.038333e+00 5.768817e-01
1.038333e+00 1.044166e+00 1.050000e+00 5.695931e-01
1.050000e+00 1.055833e+00 1.061666e+00 5.622974e-01
1.061666e+00 1.067500e+00 1.073333e+00 5.549990e-01
1.073333e+00 1.079166e+00 1.085000e+00 5.477026e-01
1.085000e+00 1.090833e+00 1.096666e+00 5.404124e-01
1.096666e+00 1.102500e+00 1.108333e+00 5.331325e-01
1.108333e+00 1.114166e+00 1.120000e+00 5.258669e-01
1.120000e+00 1.125833e+00 1.131666e+00 5.186192e-01
1.131666e+00 1.137500e+00 1.143333e+00 5.113930e-01
1.143333e+00 1.149166e+00 1.155000e+00 5.041917e-01
1.155000e+00 1.160833e+00 1.166666e+00 4.970186e-01
1.166666e+00 1.172500e+00 1.178333e+00 4.898766e-01
1.178333e+00 1.184166e+00 1.190000e+00 4.827687e-01
1.190000e+00 1.195833e+00 1.201666e+00 4.756976e-01
1.201666e+00 1.207500e+00 1.213333e+00 4.686660e-01
1.213333e+00 1.219166e+00 1.225000e+00 4.616763e-01
1.225000e+00 1.230833e+00 1.236666e+00 4.547308e-01
1.236666e+00 1.242500e+00 1.248333e+00 4.478318e-01
1.248333e+00 1.254166e+00 1.260000e+00 4.409813e-01
1.260000e+00 1.265833e+00 1.271666e+00 4.341812e-01
1.271666e+00 1.277500e+00 1.283333e+00 4.274334e-01
1.283333e+00 1.289166e+00 1.295000e+00 4.207397e-01
1.295000e+00 1.300833e+00 1.306666e+00 4.141015e-01
1.306666e+00 1.312500e+00 1.318333e+00 4.075204e-01
1.318333e+00 1.324166e+00 1.330000e+00 4.009978e-01
1.330000e+00 1.335833e+00 1.341666e+00 3.945351e-01
1.341666e+00 1.347500e+00 1.353333e+00 3.881333e-01
1.353333e+00 1.359166e+00 1.365000e+00 3.817935e-01
1.365000e+00 1.370833e+00 1.376666e+00 3.755169e-01
1.376666e+00 1.382500e+00 1.388333e+00 3.693044e-01
1.388333e+00 1.394166e+00 1.400000e+00 3.631567e-01
1.400000e+00 1.405833e+00 1.411666e+00 3.570746e-01
1.411666e+00 1.417500e+00 1.423333e+00 3.510590e-01
1.423333e+00 1.429166e+00 1.435000e+00 3.451103e-01
1.435000e+00 1.440833e+00 1.446666e+00 3.392291e-01
1.446666e+00 1.452500e+00 1.458333e+00 3.334159e-01
1.458333e+00 1.464166e+00 1.470000e+00 3.276711e-01
1.470000e+00 1.475833e+00 1.481666e+00 3.219951e-01
1.481666e+00 1.487500e+00 1.493333e+00 3.163882e-01
1.493333e+00 1.499166e+00 1.505000e+00 3.108506e-01
1.505000e+00 1.510833e+00 1.516666e+00 3.053825e-01
1.516666e+00 1.522500e+00 1.528333e+00 2.999840e-01
1.528333e+00 1.534166e+00 1.540000e+00 2.946552e-01
1.540000e+00 1.545833e+00 1.551666e+00 2.893962e-01
1.551666e+00 1.557500e+00 1.563333e+00 2.842070e-01
1.563333e+00 1.569166e+00 1.575000e+00 2.790874e-01
1.575000e+00 1.580833e+00 1.586666e+00 2.740374e-01
1.586666e+00 1.592500e+00 1.598333e+00 2.690569e-01
1.598333e+00 1.604166e+00 1.610000e+00 2.641457e-01
1.610000e+00 1.615833e+00 1.621666e+00 2.593036e-01
1.621666e+00 1.627500e+00 1.633333e+00 2.545304e-01
1.633333e+00 1.639166e+00 1.645000e+00 2.498257e-01
1.645000e+00 1.650833e+00 1.656666e+00 2.451893e-01
1.656666e+00 1.662500e+00 1.668333e+00 2.406208e-01
1.668333e+00 1.674166e+00 1.680000e+00 2.361200e-01
1.680000e+00 1.685833e+00 1.691666e+00 2.316864e-01
1.691666e+00 1.697500e+00 1.703333e+00 2.273195e-01
1.703333e+00 1.709166e+00 1.715000e+00 2.230190e-01
1.715000e+00 1.720833e+00 1.726666e+00 2.187845e-01
1.726666e+00 1.732500e+00 1.738333e+00 2.146154e-01
1.738333e+00 1.744166e+00 1.749999e+00 2.105112e-01
1.749999e+00 1.755833e+00 1.761666e+00 2.064715e-01
1.761666e+00 1.767499e+00 1.773333e+00 2.024957e-01
1.773333e+00 1.779166e+00 1.784999e+00 1.985833e-01
1.784999e+00 1.790833e+00 1.796666e+00 1.947337e-01
1.796666e+00 1.802499e+00 1.808333e+00 1.909464e-01
1.808333e+00 1.814166e+00 1.819999e+00 1.872207e-01
1.819999e+00 1.825833e+00 1.831666e+00 1.835561e-01
1.831666e+00 1.837499e+00 1.843333e+00 1.799520e-01
1.843333e+00 1.849166e+00 1.854999e+00 1.764078e-01
1.854999e+00 1.860833e+00 1.866666e+00 1.729227e-01
1.866666e+00 1.872499e+00 1.878333e+00 1.694963e-01
1.878333e+00 1.884166e+00 1.889999e+00 1.661279e-01
1.889999e+00 1.895833e+00 1.901666e+00 1.628167e-01
1.901666e+00 1.907499e+00 1.913333e+00 1.595623e-01
1.913333e+00 1.919166e+00 1.924999e+00 1.563638e-01
1.924999e+00 1.930833e+00 1.936666e+00 1.532207e-01
1.936666e+00 1.942499e+00 1.948333e+00 1.501324e-01
1.948333e+00 1.954166e+00 1.959999e+00 1.470980e-01
1.959999e+00 1.965833e+00 1.971666e+00 1.441170e-01
1.971666e+00 1.977499e+00 1.983333e+00 1.411887e-01
1.983333e+00 1.989166e+00 1.994999e+00 1.383123e-01
1.994999e+00 2.000833e+00 2.006666e+00 1.354874e-01
2.006666e+00 2.012499e+00 2.018333e+00 1.327131e-01
2.018333e+00 2.024166e+00 2.029999e+00 1.299888e-01
2.029999e+00 2.035833e+00 2.041666e+00 1.273138e-01
2.041666e+00 2.047499e+00 2.053333e+00 1.246874e-01
2.053333e+00 2.059166e+00 2.064999e+00 1.221090e-01
2.064999e+00 2.070833e+00 2.076666e+00 1.195779e-01
2.076666e+00 2.082499e+00 2.088333e+00 1.170935e-01
2.088333e+00 2.094166e+00 2.099999e+00 1.146550e-01
2.099999e+00 2.105833e+00 2.111666e+00 1.122618e-01
2.111666e+00 2.117499e+00 2.123333e+00 1.099133e-01
2.123333e+00 2.129166e+00 2.134999e+00 1.076087e-01
2.134999e+00 2.140833e+00 2.146666e+00 1.053474e-01
2.146666e+00 2.152499e+00 2.158333e+00 1.031289e-01
2.158333e+00 2.164166e+00 2.169999e+00 1.009523e-01
2.169999e+00 2.175833e+00 2.181666e+00 9.881720e-02
2.181666e+00 2.187499e+00 2.193333e+00 9.672280e-02
2.193333e+00 2.199166e+00 2.204999e+00 9.466852e-02
2.204999e+00 2.210833e+00 2.216666e+00 9.265372e-02
2.216666e+00 2.222499e+00 2.228333e+00 9.067779e-02
2.228333e+00 2.234166e+00 2.239999e+00 8.874010e-02
2.239999e+00 2.245833e+00 2.251666e+00 8.684004e-02
2.251666e+00 2.257499e+00 2.263333e+00 8.497700e-02
2.263333e+00 2.269166e+00 2.274999e+00 8.315038e-02
2.274999e+00 2.280833e+00 2.286666e+00 8.135959e-02
2.286666e+00 2.292499e+00 2.298333e+00 7.960402e-02
2.298333e+00 2.304166e+00 2.309999e+00 7.788311e-02
2.309999e+00 2.315833e+00 2.321666e+00 7.619626e-02
2.321666e+00 2.327499e+00 2.333333e+00 7.454290e-02
2.333333e+00 2.339166e+00 2.344999e+00 7.292247e-02
2.344999e+00 2.350833e+00 2.356666e+00 7.133441e-02
2.356666e+00 2.362499e+00 2.368333e+00 6.977816e-02
2.368333e+00 2.374166e+00 2.379999e+00 6.825318e-02
2.379999e+00 2.385833e+00 2.391666e+00 6.675891e-02
2.391666e+00 2.397499e+00 2.403333e+00 6.529484e-02
2.403333e+00 2.409166e+00 2.414999e+00 6.386042e-02
2.414999e+00 2.420833e+00 2.426666e+00 6.245514e-02
2.426666e+00 2.432499e+00 2.438333e+00 6.107848e-02
2.438333e+00 2.444166e+00 2.449999e+00 5.972994e-02
2.449999e+00 2.455833e+00 2.461666e+00 5.840900e-02
2.461666e+00 2.467499e+00 2.473333e+00 5.711517e-02
2.473333e+00 2.479166e+00 2.484999e+00 5.584797e-02
2.484999e+00 2.490833e+00 2.496666e+00 5.460691e-02
2.496666e+00 2.502499e+00 2.508333e+00 5.339152e-02
2.508333e+00 2.514166e+00 2.519999e+00 5.220132e-02
2.519999e+00 2.525833e+00 2.531666e+00 5.103585e-02
2.531666e+00 2.537499e+00 2.543333e+00 4.989465e-02
2.543333e+00 2.549166e+00 2.554999e+00 4.877728e-02
2.554999e+00 2.560833e+00 2.566666e+00 4.768330e-02
2.566666e+00 2.572499e+00 2.578333e+00 4.661225e-02
2.578333e+00 2.584166e+00 2.589999e+00 4.556373e-02
2.589999e+00 2.595833e+00 2.601666e+00 4.453729e-02
2.601666e+00 2.607499e+00 2.613333e+00 4.353252e-02
2.613333e+00 2.619166e+00 2.624999e+00 4.254901e-02
2.624999e+00 2.630833e+00 2.636666e+00 4.158636e-02
2.636666e+00 2.642499e+00 2.648333e+00 4.064416e-02
2.648333e+00 2.654166e+00 2.659999e+00 3.972203e-02
2.659999e+00 2.665833e+00 2.671666e+00 3.881957e-02
2.671666e+00 2.677499e+00 2.683333e+00 3.793641e-02
2.683333e+00 2.689166e+00 2.694999e+00 3.707217e-02
2.694999e+00 2.700833e+00 2.706666e+00 3.622649e-02
2.706666e+00 2.712499e+00 2.718333e+00 3.539899e-02
2.718333e+00 2.724166e+00 2.729999e+00 3.458933e-02
2.729999e+00 2.735833e+00 2.741666e+00 3.379715e-02
2.741666e+00 2.747499e+00 2.753333e+00 3.302211e-02
2.753333e+00 2.759166e+00 2.764999e+00 3.226387e-02
2.764999e+00 2.770833e+00 2.776666e+00 3.152210e-02
2.776666e+00 2.782499e+00 2.788333e+00 3.079646e-02
2.788333e+00 2.794166e+00 2.799999e+00 3.008664e-02
2.799999e+00 2.805833e+00 2.811666e+00 2.939232e-02
2.811666e+00 2.817499e+00 2.823333e+00 2.871318e-02
2.823333e+00 2.829166e+00 2.834999e+00 2.804893e-02
2.834999e+00 2.840833e+00 2.846666e+00 2.739926e-02
2.846666e+00 2.852499e+00 2.858333e+00 2.676387e-02
2.858333e+00 2.864166e+00 2.869999e+00 2.614248e-02
2.869999e+00 2.875833e+00 2.881666e+00 2.553480e-02
2.881666e+00 2.887499e+00 2.893333e+00 2.494054e-02
2.893333e+00 2.899166e+00 2.904999e+00 2.435945e-02
2.904999e+00 2.910833e+00 2.916666e+00 2.379124e-02
2.916666e+00 2.922499e+00 2.928332e+00 2.323564e-02
2.928332e+00 2.934166e+00 2.939999e+00 2.269241e-02
2.939999e+00 2.945832e+00 2.951666e+00 2.216128e-02
2.951666e+00 2.957499e+00 2.963332e+00 2.164201e-02
2.963332e+00 2.969166e+00 2.974999e+00 2.113434e-02
2.974999e+00 2.980832e+00 2.986666e+00 2.063803e-02
2.986666e+00 2.992499e+00 2.998332e+00 2.015285e-02
2.998332e+00 3.004166e+00 3.009999e+00 1.967857e-02
3.009999e+00 3.015832e+00 3.021666e+00 1.921495e-02
3.021666e+00 3.027499e+00 3.033332e+00 1.876177e-02
3.033332e+00 3.039166e+00 3.044999e+00 1.831881e-02
3.044999e+00 3.050832e+00 3.056666e+00 1.788586e-02
3.056666e+00 3.062499e+00 3.068332e+00 1.746269e-02
3.068332e+00 3.074166e+00 3.079999e+00 1.704912e-02
3.079999e+00 3.085832e+00 3.091666e+00 1.664492e-02
3.091666e+00 3.097499e+00 3.103332e+00 1.624991e-02
3.103332e+00 3.109166e+00 3.114999e+00 1.586388e-02
3.114999e+00 3.120832e+00 3.126666e+00 1.548665e-02
3.126666e+00 3.132499e+00 3.138332e+00 1.511802e-02
3.138332e+00 3.144166e+00 3.149999e+00 1.475781e-02
3.149999e+00 3.155832e+00 3.161666e+00 1.440583e-02
3.161666e+00 3.167499e+00 3.173332e+00 1.406192e-02
3.173332e+00 3.179166e+00 3.184999e+00 1.372590e-02
3.184999e+00 3.190832e+00 3.196666e+00 1.339758e-02
3.196666e+00 3.202499e+00 3.208332e+00 1.307682e-02
3.208332e+00 3.214166e+00 3.219999e+00 1.276344e-02
3.219999e+00 3.225832e+00 3.231666e+00 1.245729e-02
3.231666e+00 3.237499e+00 3.243332e+00 1.215820e-02
3.243332e+00 3.249166e+00 3.254999e+00 1.186602e-02
3.254999e+00 3.260832e+00 3.266666e+00 1.158060e-02
3.266666e+00 3.272499e+00 3.278332e+00 1.130179e-02
3.278332e+00 3.284166e+00 3.289999e+00 1.102945e-02
3.289999e+00 3.295832e+00 3.301666e+00 1.076343e-02
3.301666e+00 3.307499e+00 3.313332e+00 1.050360e-02
3.313332e+00 3.319166e+00 3.324999e+00 1.024981e-02
3.324999e+00 3.330832e+00 3.336666e+00 1.000194e-02
3.336666e+00 3.342499e+00 3.348332e+00 9.759854e-03
3.348332e+00 3.354166e+00 3.359999e+00 9.523420e-03
3.359999e+00 3.365832e+00 3.371666e+00 9.292514e-03
3.371666e+00 3.377499e+00 3.383332e+00 9.067015e-03
3.383332e+00 3.389166e+00 3.394999e+00 8.846800e-03
3.394999e+00 3.400832e+00 3.406666e+00 8.631752e-03
3.406666e+00 3.412499e+00 3.418332e+00 8.421755e-03
3.418332e+00 3.424166e+00 3.429999e+00 8.216696e-03
3.429999e+00 3.435832e+00 3.441666e+00 8.016465e-03
3.441666e+00 3.447499e+00 3.453332e+00 7.820952e-03
3.453332e+00 3.459166e+00 3.464999e+00 7.630052e-03
3.464999e+00 3.470832e+00 3.476666e+00 7.443660e-03
3.476666e+00 3.482499e+00 3.488332e+00 7.261675e-03
3.488332e+00 3.494166e+00 3.499999e+00 7.083996e-03
